ArcGIS/Extract_Mean_Calc_test/Data/1985002.txt
ncols 321
nrows 161
xllcenter 60
yllcenter 15 
cellsize  0.25 
NODATA_value -1
[rows 0 to 36 of 161, columns 168 to 251 of 321]
4.60 5.11 5.11 4.96 5.40 7.30 7.01 6.57 8.10 8.10 8.10 7.52 7.15 8.03 5.99 6.64 6.79 10.66 13.14 15.33 13.94 11.02 9.56 13.29 10.22 4.74 0.29 0.00 0.00 0.00 0.00 3.58 10.95 15.99 16.86 16.86 16.43 16.86 18.83 20.22 22.05 26.50 27.30 25.99 28.76 34.31 34.02 32.78 29.42 22.27 21.24 20.95 23.00 21.75 25.04 28.11 30.44 31.97 31.17 30.73 30.73 30.88 31.61 33.94 35.04 34.67 34.60 33.00 29.71 28.18 27.23 26.50 24.67 25.26 24.45 25.48 25.55 24.82 23.58 22.05 19.86 18.32 17.59 17.23
5.62 5.77 5.55 5.40 4.16 4.45 5.40 7.74 9.13 9.13 8.91 7.81 7.81 7.66 8.76 9.86 9.20 8.69 10.07 12.92 11.97 11.17 13.58 12.26 7.66 1.68 0.00 0.00 0.00 0.00 0.00 4.74 9.27 12.41 14.09 14.09 14.16 14.53 20.95 25.92 33.94 29.93 32.12 36.14 39.27 35.04 29.86 25.99 24.60 24.09 23.65 22.41 21.68 22.41 25.40 28.25 31.24 32.78 33.58 31.03 31.03 30.66 32.41 33.51 33.14 32.63 31.97 30.51 28.40 27.01 26.94 28.40 25.70 24.60 24.09 22.78 21.90 22.34 19.56 17.23 15.55 14.89 15.48 14.82
9.20 8.25 6.64 5.62 4.09 3.07 4.02 6.20 7.30 7.30 6.79 5.77 6.57 5.84 7.08 7.52 9.42 9.93 10.51 11.02 11.53 12.41 13.36 11.32 0.88 0.00 0.00 0.00 0.00 0.00 0.00 6.64 10.51 12.48 13.87 13.87 14.31 19.86 25.84 32.12 32.19 32.12 32.41 31.83 28.11 22.85 20.08 18.91 18.32 20.00 21.68 23.73 24.75 23.73 24.67 25.40 24.97 26.28 28.40 28.32 28.32 29.05 29.42 28.98 27.08 27.74 29.05 28.76 26.35 25.40 25.84 26.79 26.72 24.53 21.83 20.66 19.71 20.00 20.29 18.25 16.86 16.35 14.75 14.09
9.20 8.25 6.64 5.62 4.09 3.07 4.02 6.20 7.30 7.30 6.79 5.77 6.57 5.84 7.08 7.52 9.42 9.93 10.51 11.02 11.53 12.41 13.36 11.32 0.88 0.00 0.00 0.00 0.00 0.00 0.00 6.64 10.51 12.48 13.87 13.87 14.31 19.86 25.84 32.12 32.19 32.12 32.41 31.83 28.11 22.85 20.08 18.91 18.32 20.00 21.68 23.73 24.75 23.73 24.67 25.40 24.97 26.28 28.40 28.32 28.32 29.05 29.42 28.98 27.08 27.74 29.05 28.76 26.35 25.40 25.84 26.79 26.72 24.53 21.83 20.66 19.71 20.00 20.29 18.25 16.86 16.35 14.75 14.09
8.91 8.18 6.86 5.11 3.21 3.65 3.58 3.80 7.08 7.08 6.35 6.42 6.50 5.62 7.01 5.77 6.42 6.86 7.81 8.76 10.15 10.51 7.23 8.10 0.00 0.00 0.00 0.00 0.00 0.00 3.80 7.15 10.51 15.18 14.75 14.75 18.69 24.24 31.46 22.12 28.98 25.99 23.07 18.54 14.09 13.87 11.83 12.41 15.04 16.94 17.59 17.81 22.34 23.65 24.02 23.07 23.21 23.73 24.24 26.28 26.28 27.67 27.81 28.69 27.81 27.23 26.13 25.40 24.60 24.02 24.75 24.45 23.00 21.17 18.61 19.13 18.03 17.74 16.94 17.08 17.52 17.89 16.64 14.02
9.05 7.37 5.69 4.31 3.29 2.85 2.85 3.58 4.60 4.60 6.86 7.81 8.32 5.48 4.89 4.45 5.40 5.48 6.28 4.38 4.31 0.00 0.00 0.00 0.00 0.00 0.00 0.00 0.00 2.92 7.52 10.44 13.51 15.62 16.72 16.72 20.22 20.81 16.50 12.41 14.97 17.01 16.86 15.40 16.06 14.89 12.70 13.72 15.91 17.52 18.69 20.73 20.88 19.13 17.89 19.64 20.37 21.24 19.86 22.92 22.92 24.38 26.43 28.03 27.38 21.24 21.24 21.24 21.24 22.19 23.36 22.19 20.66 19.93 19.78 18.32 14.24 15.99 19.20 18.76 18.03 16.35 16.35 15.40
12.41 10.51 9.34 7.88 6.50 6.13 4.82 6.57 5.69 5.69 4.67 5.62 6.42 6.64 5.11 4.60 5.11 4.53 2.12 0.00 0.00 0.00 0.00 0.00 0.00 0.00 0.00 0.00 1.02 6.20 11.83 14.67 16.94 18.61 20.08 20.08 19.86 17.30 15.11 10.66 12.41 12.05 11.75 12.05 12.85 11.24 14.16 15.77 17.81 17.67 17.23 16.06 12.78 15.18 15.62 17.89 15.55 14.75 17.52 19.93 19.93 21.02 22.85 23.58 21.39 20.73 20.00 19.78 18.98 19.93 19.56 18.40 18.40 18.03 15.77 15.70 15.48 15.48 17.08 18.93 19.87 19.38 18.41 16.80
12.41 10.51 9.34 7.88 6.50 6.13 4.82 6.57 5.69 5.69 4.67 5.62 6.42 6.64 5.11 4.60 5.11 4.53 2.12 0.00 0.00 0.00 0.00 0.00 0.00 0.00 0.00 0.00 1.02 6.20 11.83 14.67 16.94 18.61 20.08 20.08 19.86 17.30 15.11 10.66 12.41 12.05 11.75 12.05 12.85 11.24 14.16 15.77 17.81 17.67 17.23 16.06 12.78 15.18 15.62 17.89 15.55 14.75 17.52 19.93 19.93 21.02 22.85 23.58 21.39 20.73 20.00 19.78 18.98 19.93 19.56 18.40 18.40 18.03 15.77 18.14 21.35 22.27 23.40 32.17 32.82 25.80 23.69 17.43
11.97 11.97 10.29 8.47 7.37 7.59 8.03 8.03 7.81 7.81 5.55 6.20 5.55 5.55 5.04 4.67 5.11 0.00 0.00 0.00 0.00 0.00 0.00 0.00 0.00 0.00 0.00 3.58 11.10 10.44 11.17 12.70 14.53 18.76 21.97 21.97 22.27 17.52 16.57 15.04 15.77 13.72 13.51 14.67 16.06 14.97 14.97 17.74 21.10 21.24 18.83 15.33 14.24 13.36 14.16 14.24 14.09 15.40 15.18 16.21 16.21 17.08 17.59 18.69 18.69 18.18 16.86 16.06 14.53 16.94 16.21 17.01 16.35 16.93 18.18 19.95 23.34 22.23 19.12 25.79 26.24 20.24 19.69 19.29
13.07 15.33 14.60 12.85 11.24 10.22 10.07 8.98 8.83 8.83 7.81 9.05 6.28 3.94 2.48 2.56 0.00 0.00 0.00 0.00 0.00 0.00 0.00 0.00 0.00 2.48 3.14 9.56 14.60 13.58 14.82 14.82 15.04 16.35 18.54 18.54 20.44 19.05 17.96 16.50 15.84 17.89 17.30 17.16 15.33 15.55 17.23 19.20 20.88 21.10 18.40 15.26 12.70 12.92 12.12 12.92 14.24 13.94 14.02 15.77 15.77 17.59 17.52 18.76 18.18 17.67 16.57 15.62 15.84 17.01 18.83 19.13 18.21 19.82 20.81 21.95 23.80 26.48 29.20 27.79 24.65 23.42 26.73 27.48
10.00 12.05 15.11 17.59 16.57 15.62 14.53 14.09 12.05 12.05 10.15 7.59 6.13 4.16 1.61 0.00 0.00 0.00 0.00 0.00 0.00 0.00 0.00 0.00 6.50 8.83 9.71 12.12 11.90 13.07 14.16 15.48 16.43 17.23 18.54 18.54 18.91 16.21 16.13 18.18 20.00 21.97 17.96 17.52 16.79 14.09 14.02 15.04 13.51 13.87 13.51 12.12 13.51 14.89 15.70 17.01 18.91 18.47 16.57 15.70 15.70 19.93 19.27 18.18 17.08 16.94 15.84 16.35 16.06 17.45 17.30 17.45 14.75 14.23 14.37 23.28 28.13 28.97 24.23 26.34 26.57 27.15 27.79 27.19
10.00 12.05 15.11 17.59 16.57 15.62 14.53 14.09 12.05 12.05 10.15 7.59 6.13 4.16 1.61 0.00 0.00 0.00 0.00 0.00 0.00 0.00 0.00 0.00 6.50 8.83 9.71 12.12 11.90 13.07 14.16 15.48 16.43 17.23 18.54 18.54 18.91 16.21 16.13 18.18 20.00 21.97 17.96 17.52 16.79 14.09 14.02 15.04 13.51 13.87 13.51 12.12 13.51 14.89 15.70 17.01 18.91 18.47 16.57 15.70 15.70 19.93 19.27 18.18 17.08 16.94 15.84 16.35 16.06 17.45 17.30 17.45 14.38 14.02 13.94 21.62 25.07 26.82 25.85 27.33 26.57 26.56 30.53 29.09
14.45 11.97 10.44 10.29 11.83 12.78 12.63 15.91 5.40 5.40 2.34 0.00 0.00 0.00 0.00 0.00 0.00 0.00 0.51 1.10 0.66 5.40 6.86 8.32 8.69 8.25 10.44 12.26 12.99 13.65 15.18 15.55 16.06 16.21 16.43 16.43 16.94 16.21 16.13 21.32 21.24 20.08 17.08 18.32 16.21 12.56 12.70 14.97 14.45 13.72 12.85 13.94 16.35 17.67 17.52 18.40 20.00 20.66 18.25 17.59 17.59 17.52 16.21 14.89 16.64 16.43 16.57 17.37 15.91 16.86 16.06 15.40 14.89 15.77 17.74 21.56 22.76 22.22 24.83 26.91 25.65 26.95 26.39 25.26
11.17 11.10 10.29 7.23 6.28 6.57 7.74 0.00 0.00 0.00 0.00 0.00 0.00 0.00 0.00 0.00 0.00 0.00 4.31 8.98 9.93 11.97 9.86 9.05 8.69 9.93 12.78 14.45 15.48 15.18 15.62 14.67 14.97 13.87 14.24 14.24 16.13 16.43 16.13 16.86 17.59 18.18 16.94 15.77 13.36 13.51 14.31 15.40 14.82 13.72 13.36 14.60 14.09 15.26 15.40 15.77 15.62 15.62 15.33 14.97 14.97 17.08 17.59 17.59 17.59 18.18 18.69 19.05 19.49 20.08 19.27 17.37 16.64 17.57 20.10 20.19 17.95 21.58 23.47 19.80 22.77 22.98 22.80 23.55
12.26 14.31 13.58 12.92 14.24 10.51 9.93 10.73 0.00 0.00 0.00 0.00 0.00 0.00 0.00 1.83 8.76 6.86 10.59 10.59 11.32 13.29 12.48 10.07 8.47 11.53 12.85 13.72 14.67 14.16 12.56 13.14 12.85 13.51 13.07 13.07 14.45 14.31 15.48 14.67 15.04 13.43 12.41 12.12 12.19 12.85 13.29 14.45 14.45 13.21 12.05 11.61 11.61 12.48 12.05 12.85 14.02 14.02 15.40 15.77 15.77 16.43 16.50 16.79 16.64 17.01 17.81 18.03 17.23 17.74 18.47 17.52 14.52 16.21 17.54 17.81 19.86 24.87 24.36 24.71 25.28 23.51 23.28 19.96
19.78 17.89 17.45 16.43 18.83 15.55 11.53 9.49 5.77 5.77 5.62 2.26 6.57 5.91 4.45 5.11 6.06 6.57 8.32 7.66 9.34 12.99 12.48 11.75 11.68 11.83 11.46 10.88 11.10 11.46 11.53 11.97 12.99 13.07 12.48 12.48 12.85 13.43 11.61 12.78 10.59 10.73 12.85 15.18 11.46 10.51 10.44 11.46 12.78 12.99 12.92 11.83 10.80 10.37 8.47 9.93 12.34 14.38 14.75 14.82 14.82 16.43 14.31 13.58 12.56 12.92 11.90 10.95 9.34 12.34 16.13 15.35 14.15 15.28 19.58 19.80 23.38 22.97 25.88 25.72 24.06 25.41 21.56 20.01
19.78 17.89 17.45 16.43 18.83 15.55 11.53 9.49 5.77 5.77 5.62 2.26 6.57 5.91 4.45 5.11 6.06 6.57 8.32 7.66 9.34 12.99 12.48 11.75 11.68 11.83 11.46 10.88 11.10 11.46 11.53 11.97 12.99 13.07 12.48 12.48 12.85 13.43 11.61 12.78 10.59 10.73 12.85 15.18 11.46 10.51 10.44 11.46 12.78 12.99 12.92 11.83 10.80 10.37 8.47 9.93 12.34 14.38 14.75 14.82 14.82 16.43 14.31 13.58 12.56 12.92 11.90 10.95 9.34 12.34 16.13 18.85 13.27 16.61 17.58 24.50 23.73 25.40 26.40 23.20 23.26 21.85 23.45 22.72
15.55 16.28 15.04 13.58 15.04 10.29 10.22 9.20 9.93 9.93 10.37 9.05 8.61 8.03 8.18 7.30 6.35 6.86 7.96 8.54 8.98 10.00 10.80 12.26 12.78 12.92 11.83 11.75 11.83 11.46 12.12 12.41 11.68 11.83 15.33 15.33 13.94 13.80 12.19 12.99 15.48 15.26 15.55 14.60 12.48 10.73 11.32 11.02 9.93 9.27 9.78 9.64 8.25 7.30 6.50 6.86 7.96 10.80 10.80 9.05 9.05 8.83 8.91 9.27 6.50 4.53 5.48 3.14 4.53 9.05 13.92 14.83 13.80 13.59 16.76 19.67 23.48 18.62 18.97 22.01 20.03 20.90 21.37 17.41
13.36 15.91 15.91 13.58 11.17 10.59 10.07 9.05 8.40 8.40 7.59 8.69 9.42 8.18 8.03 9.34 9.42 9.71 10.22 11.53 11.17 10.59 11.02 11.24 10.88 9.78 8.10 9.34 9.42 9.42 9.42 10.59 10.51 12.85 14.24 14.24 15.99 15.04 15.62 14.45 15.04 12.63 11.10 8.25 9.49 8.25 7.88 6.57 5.04 3.65 4.53 6.13 5.48 6.13 6.20 5.62 6.13 7.66 8.10 5.77 5.77 5.69 5.11 4.89 2.19 2.41 2.34 1.68 2.77 8.44 12.68 14.08 13.78 13.59 16.44 18.51 18.77 19.40 20.52 21.58 16.09 16.26 17.21 19.02
13.51 13.80 14.75 17.16 12.56 12.05 11.17 9.20 9.27 9.27 10.07 12.34 14.60 11.90 11.90 11.39 11.53 11.68 13.58 16.06 15.11 11.68 11.17 10.07 8.91 8.83 9.27 9.64 9.27 10.15 11.68 13.29 15.40 15.84 14.38 14.38 13.94 13.65 13.29 12.78 13.51 11.46 8.76 7.08 5.40 4.53 4.53 4.45 3.14 2.41 0.00 0.00 5.40 5.69 5.26 4.89 4.96 5.04 6.50 5.84 5.84 4.09 2.41 2.04 5.40 3.80 2.34 1.68 1.97 4.09 6.50 11.46 14.89 16.50 18.98 20.74 21.59 23.68 23.74 17.96 16.16 12.74 12.08 15.44
11.24 11.90 12.70 11.24 11.46 10.66 10.51 10.29 9.49 9.49 10.22 12.63 13.36 12.56 11.83 10.88 10.73 11.83 14.09 16.43 19.20 20.37 15.84 11.75 9.42 8.91 9.64 8.25 9.34 12.92 14.60 16.06 14.31 13.94 14.45 14.45 14.89 14.38 12.99 10.44 10.00 7.30 5.48 6.35 5.33 5.77 4.74 4.53 6.13 5.26 5.18 5.26 4.89 4.38 4.74 4.89 5.48 5.18 6.06 6.20 6.20 4.82 2.48 0.22 2.77 2.63 2.26 1.61 2.63 4.38 8.91 10.00 13.21 16.21 18.89 19.72 20.84 17.63 19.88 14.05 12.02 10.50 11.27 11.66
9.13 13.36 12.41 10.88 10.51 10.59 9.71 9.34 8.76 8.76 9.42 12.70 14.02 15.55 13.58 11.83 13.43 17.16 19.27 20.44 17.30 15.84 12.19 10.44 10.88 12.26 11.83 10.44 11.75 16.06 16.64 16.79 16.35 14.60 18.10 18.10 16.35 9.49 9.42 8.32 8.40 8.47 7.52 6.42 7.01 8.40 7.01 5.48 4.16 5.18 6.20 6.79 5.69 5.04 5.55 6.06 5.99 5.69 6.64 5.69 5.69 4.16 2.05 0.00 1.97 1.17 2.41 3.94 2.04 4.53 8.32 10.59 12.41 15.84 18.55 19.23 23.00 17.86 19.72 16.14 12.21 10.72 11.04 12.26
9.13 13.36 12.41 10.88 10.51 10.59 9.71 9.34 8.76 8.76 9.42 12.70 14.02 15.55 13.58 11.83 13.43 17.16 19.27 20.44 17.30 15.84 12.19 10.44 10.88 12.26 11.83 10.44 11.75 16.06 16.64 16.79 16.35 14.60 18.10 18.10 16.35 9.49 9.42 8.32 8.40 8.47 7.52 6.42 7.01 8.40 7.01 5.48 4.16 5.18 6.20 6.79 5.69 5.04 5.55 6.06 5.99 5.69 6.64 5.69 5.69 4.16 2.05 0.00 1.97 1.17 2.41 3.94 2.04 4.53 8.32 10.59 12.41 15.84 17.81 19.34 17.86 15.72 16.52 18.79 14.94 10.95 8.65 11.31
5.26 6.79 9.42 8.10 9.64 9.86 10.29 12.26 11.02 11.02 10.07 11.61 13.80 14.67 14.31 15.33 15.40 16.79 16.13 14.45 13.43 12.12 12.34 13.43 14.53 14.02 13.43 15.33 16.06 17.96 16.50 15.04 14.82 14.53 10.15 10.15 11.17 10.07 11.61 12.34 10.59 8.40 9.27 10.44 8.47 7.59 5.91 5.26 5.48 5.33 5.69 6.42 4.60 2.26 3.58 3.36 3.65 4.23 4.02 1.90 1.90 0.00 0.00 0.00 0.00 2.12 4.16 3.87 3.80 4.38 5.55 7.01 10.15 14.09 14.82 15.19 17.14 23.94 20.60 15.05 13.16 9.19 9.19 10.74
2.99 3.14 3.58 3.87 7.23 10.59 11.39 12.56 12.70 12.70 13.94 13.80 13.65 12.48 11.02 9.42 10.22 13.21 14.53 14.16 13.72 11.32 12.99 13.94 13.87 13.80 15.77 16.35 14.38 12.99 12.12 11.83 11.53 10.59 13.51 13.51 14.16 13.21 13.94 12.70 11.90 11.68 10.95 11.17 11.02 9.78 7.88 6.35 5.84 4.45 1.46 1.97 3.21 3.87 3.72 3.21 2.12 1.31 0.73 0.00 0.00 0.00 0.00 0.00 0.00 0.00 5.48 5.55 6.06 6.42 6.50 7.23 8.76 10.95 12.95 14.99 16.50 18.76 20.05 17.33 16.91 11.64 13.06 13.23
2.34 4.23 4.89 4.16 6.20 8.25 12.05 14.89 14.45 14.45 13.07 10.15 8.25 8.47 8.47 8.98 9.20 10.95 12.70 13.51 13.07 11.39 13.07 14.38 15.26 13.80 15.26 16.79 15.11 12.19 10.95 11.17 11.68 11.68 13.14 13.14 14.31 13.29 12.48 11.75 11.90 11.53 10.73 11.68 11.02 10.22 10.44 8.83 7.74 6.42 4.67 2.63 2.92 4.09 3.36 3.07 2.77 1.53 0.00 0.00 0.00 0.00 0.00 0.00 1.75 2.99 4.31 5.11 5.77 6.13 4.82 7.30 8.97 12.31 14.75 18.53 18.02 15.11 14.41 15.50 13.44 12.99 11.58 10.77
4.23 0.00 0.00 0.00 4.31 4.74 5.77 7.96 9.71 9.71 9.34 7.37 5.99 7.08 8.25 8.47 9.27 10.44 11.24 13.36 15.99 16.72 16.79 16.50 13.58 13.36 14.45 15.55 14.82 11.90 8.69 10.07 11.53 11.24 11.24 11.24 11.32 10.73 9.78 10.29 7.96 8.47 7.81 8.69 10.29 7.66 7.81 7.52 6.28 4.96 5.40 5.48 3.80 2.70 2.12 2.56 3.36 2.04 1.24 0.00 0.00 0.00 1.17 1.75 2.63 4.45 5.11 6.28 5.48 6.50 7.01 8.76 11.36 15.57 20.64 22.32 20.99 19.05 14.48 12.76 11.26 11.53 12.92 12.48
6.35 5.11 4.74 0.00 1.97 2.19 3.58 0.00 3.29 3.29 3.65 3.14 3.94 5.62 8.18 8.47 8.76 9.56 10.00 12.92 15.33 15.26 14.16 12.19 10.66 10.15 11.83 11.17 10.29 9.34 7.45 8.32 8.83 8.03 8.47 8.47 7.37 7.23 8.25 8.83 8.69 9.05 7.96 7.08 6.64 5.99 5.40 4.53 4.09 3.58 2.04 0.66 0.00 1.39 1.39 0.00 0.00 2.48 2.63 2.19 2.19 0.00 0.00 0.00 0.00 0.00 4.38 5.91 9.20 9.49 11.90 13.66 14.43 16.55 20.36 21.59 16.96 14.84 12.85 10.98 11.62 12.21 12.24 9.99
6.35 5.11 4.74 0.00 1.97 2.19 3.58 0.00 3.29 3.29 3.65 3.14 3.94 5.62 8.18 8.47 8.76 9.56 10.00 12.92 15.33 15.26 14.16 12.19 10.66 10.15 11.83 11.17 10.29 9.34 7.45 8.32 8.83 8.03 8.47 8.47 7.37 7.23 8.25 8.83 8.69 9.05 7.96 7.08 6.64 5.99 5.40 4.53 4.09 3.58 2.04 0.66 0.00 1.39 1.39 0.00 0.00 2.48 2.63 2.19 2.19 0.00 0.00 0.00 0.00 0.00 4.38 5.91 9.20 9.49 11.97 13.51 13.05 18.44 21.72 25.19 19.68 14.36 13.43 10.67 12.29 14.49 11.17 8.48
0.00 4.45 7.96 0.00 0.00 0.00 1.61 2.70 2.70 2.70 2.19 2.99 4.31 4.16 4.96 5.26 5.33 7.59 7.88 9.05 9.42 10.29 7.08 5.69 6.79 9.49 11.53 10.15 8.40 3.72 4.60 5.55 3.58 2.56 4.82 4.82 3.43 3.58 5.26 7.08 7.52 6.72 5.33 5.26 4.96 4.38 3.36 0.00 0.00 0.00 0.00 0.00 0.00 0.00 0.00 0.00 3.14 0.00 0.00 0.00 0.00 0.00 0.00 0.00 0.00 0.00 3.50 5.18 8.22 11.28 13.72 16.00 20.46 22.69 23.14 19.63 14.22 10.77 9.86 9.87 9.16 12.64 8.67 5.48
0.00 3.65 5.40 0.00 0.00 0.00 0.44 1.90 2.85 2.85 2.56 1.97 3.65 2.48 4.23 5.99 6.28 6.13 5.18 4.53 5.04 5.99 6.20 4.89 4.02 6.35 7.81 6.06 4.89 0.00 0.00 0.00 3.36 2.77 0.00 0.00 5.62 0.00 0.00 0.00 0.00 0.00 0.00 0.00 0.00 3.07 3.43 0.00 0.00 0.00 0.00 0.00 0.00 0.00 0.00 0.00 0.00 0.00 1.90 0.00 0.00 0.00 0.00 0.00 0.00 1.02 1.46 3.65 6.28 10.29 14.89 17.69 22.26 24.63 17.79 10.40 9.14 7.25 5.84 6.60 7.02 7.57 7.30 6.92
0.00 2.99 2.77 0.00 0.00 0.00 2.26 1.46 1.46 1.46 0.00 0.00 0.00 0.00 2.92 0.00 6.06 5.99 6.20 0.00 0.00 0.00 4.45 4.31 4.53 4.45 4.31 6.28 5.62 0.00 0.00 0.00 2.99 1.68 0.00 0.00 0.00 0.00 0.00 3.36 2.26 0.00 0.00 0.00 0.00 0.00 4.31 3.65 3.65 4.16 3.72 3.21 2.41 0.00 0.00 0.00 0.00 0.00 0.00 0.00 0.00 0.00 0.00 0.00 0.00 0.00 0.00 4.74 5.69 8.25 12.41 16.05 19.44 18.51 10.98 5.42 4.60 6.35 7.51 9.06 7.79 5.88 4.07 4.92
2.77 0.00 0.00 0.00 0.00 0.00 3.80 2.19 0.88 0.88 0.00 0.00 0.00 0.00 0.00 0.00 0.00 0.00 4.89 4.89 4.38 0.00 0.00 0.00 0.00 0.00 0.00 4.74 0.00 0.00 0.00 0.00 0.00 0.00 0.00 0.00 0.00 0.00 0.00 0.00 3.58 4.82 4.89 4.45 3.50 0.00 0.00 0.00 3.72 3.65 0.00 0.00 0.00 0.00 0.00 0.00 0.00 0.00 0.00 0.00 0.00 0.00 0.00 0.00 0.00 3.58 4.53 6.57 8.25 7.52 11.39 16.96 18.64 13.33 8.65 3.28 1.89 3.65 5.95 6.19 4.81 3.72 0.67 0.96
0.00 2.12 0.00 0.00 0.00 0.00 0.00 0.00 0.00 0.00 0.00 0.00 0.00 0.00 0.00 0.00 4.09 0.00 0.00 0.00 0.00 0.00 4.74 4.74 4.23 2.99 0.00 0.00 0.00 0.00 0.00 0.00 0.00 0.00 0.00 0.00 0.00 0.00 0.00 0.00 0.00 0.00 3.43 4.16 4.45 0.00 0.00 0.00 0.00 0.00 0.00 0.00 0.00 0.00 0.00 0.00 0.00 0.00 0.00 0.00 0.00 0.00 3.36 5.40 5.40 5.40 5.11 6.57 7.81 7.59 10.44 13.65 10.30 6.10 4.05 2.17 1.67 2.86 3.36 2.97 0.62 1.18 0.73 0.29
2.41 0.00 0.00 0.00 0.00 0.00 0.00 0.00 3.80 3.80 0.00 0.00 4.45 4.60 5.69 5.18 4.45 0.00 0.00 0.00 0.00 0.00 0.00 0.00 0.00 2.70 0.00 0.00 0.00 0.00 0.00 0.00 0.00 0.00 0.00 0.00 0.00 0.00 0.00 0.00 0.00 0.00 0.00 0.00 0.00 0.00 0.00 0.00 0.00 0.00 0.00 0.00 0.00 0.00 0.00 0.00 0.00 0.00 0.00 0.00 0.00 0.00 1.90 0.00 0.00 0.00 5.40 7.45 8.91 8.10 8.98 7.19 5.81 4.32 3.83 3.20 3.67 2.59 2.26 2.03 1.97 0.88 0.00 0.00
2.41 0.00 0.00 0.00 0.00 0.00 0.00 0.00 3.80 3.80 0.00 0.00 4.45 4.60 5.69 5.18 4.45 0.00 0.00 0.00 0.00 0.00 0.00 0.00 0.00 2.70 0.00 0.00 0.00 0.00 0.00 0.00 0.00 0.00 0.00 0.00 0.00 0.00 0.00 0.00 0.00 0.00 0.00 0.00 0.00 0.00 0.00 0.00 0.00 0.00 0.00 0.00 0.00 0.00 0.00 0.00 0.00 0.00 0.00 0.00 0.00 0.00 1.90 0.00 0.00 0.00 5.40 7.45 8.91 8.10 8.98 7.15 5.72 4.26 3.83 3.34 3.27 2.49 2.21 2.13 1.93 0.92 0.00 0.00
0.00 0.00 0.00 0.00 3.94 0.00 0.00 0.00 0.00 0.00 0.00 6.42 6.64 6.50 5.84 0.00 0.00 0.00 0.00 0.00 0.00 0.00 0.00 0.00 0.00 0.00 0.00 0.00 0.00 3.50 0.00 0.00 0.00 0.00 0.00 0.00 0.00 0.00 0.00 0.00 0.00 0.00 0.00 0.00 0.00 0.00 0.00 0.00 0.00 0.00 0.00 0.00 0.00 0.00 0.00 0.00 0.00 0.00 0.00 0.00 0.00 0.00 0.00 0.00 0.00 0.00 1.53 4.45 5.69 4.82 3.72 2.85 0.73 1.03 1.17 1.37 1.53 2.59 0.84 1.64 1.33 0.00 0.00 0.30
