ArcGIS/Extract_Mean_Calc_test/Data/1985001.txt
ncols 321
nrows 161
xllcenter 60
yllcenter 15 
cellsize  0.25 
NODATA_value -1
[rows 0 to 36 of 161, columns 84 to 167 of 321]
11.02 13.65 11.02 13.43 12.05 10.44 8.25 7.81 9.93 12.99 13.29 13.51 13.87 14.31 13.58 11.68 12.05 12.78 12.78 12.41 12.12 13.65 12.12 8.54 5.99 4.02 3.94 3.65 2.92 3.65 4.23 6.64 10.00 11.02 9.93 8.40 8.54 7.74 7.52 4.31 5.69 5.91 3.14 3.14 0.66 1.83 1.90 2.12 4.74 6.35 9.05 10.44 9.05 7.52 8.47 9.71 9.20 6.42 5.04 3.72 2.99 3.14 2.85 0.73 0.15 4.23 4.96 5.62 5.62 6.42 8.69 6.50 7.30 7.30 7.23 7.66 6.72 7.37 7.01 5.77 6.86 7.23 5.99 5.77
12.41 13.51 11.97 13.14 11.75 8.47 6.42 6.20 9.20 10.51 10.95 10.44 7.37 6.79 7.66 8.69 10.44 11.39 11.39 11.97 14.09 13.51 14.38 11.61 8.03 5.77 3.29 4.60 4.89 4.45 4.96 6.79 8.61 7.74 5.55 4.74 0.00 0.00 0.00 0.00 3.80 5.11 5.84 5.84 5.04 3.94 3.07 2.70 3.07 4.31 5.77 6.35 6.28 5.77 7.01 7.23 7.45 7.37 5.84 4.23 4.45 4.82 5.33 4.38 4.09 4.53 5.99 6.50 6.50 9.42 9.05 6.20 5.55 5.18 5.62 5.91 5.77 5.18 6.79 7.74 8.47 9.56 8.76 7.74
9.78 12.63 10.66 10.59 10.22 10.07 10.44 12.63 13.43 14.02 13.94 12.78 9.93 8.47 6.72 5.33 7.74 9.71 9.71 10.95 12.34 13.87 12.12 13.21 8.69 6.20 4.53 4.74 4.89 4.38 3.43 2.92 4.02 5.04 6.94 5.69 3.36 3.43 0.00 0.00 0.00 0.00 5.04 5.04 6.94 8.98 8.47 5.26 3.07 2.56 2.56 2.70 2.85 5.04 7.01 8.83 9.93 12.78 12.99 10.88 9.34 10.22 10.15 9.64 8.69 8.32 9.42 7.66 7.66 11.10 8.98 7.23 5.33 5.33 6.72 8.83 10.15 9.86 10.07 9.71 10.37 9.86 8.69 7.37
9.78 12.63 10.66 10.59 10.22 10.07 10.44 12.63 13.43 14.02 13.94 12.78 9.93 8.47 6.72 5.33 7.74 9.71 9.71 10.95 12.34 13.87 12.12 13.21 8.69 6.20 4.53 4.74 4.89 4.38 3.43 2.92 4.02 5.04 6.94 5.69 3.36 3.43 0.00 0.00 0.00 0.00 5.04 5.04 6.94 8.98 8.47 5.26 3.07 2.56 2.56 2.70 2.85 5.04 7.01 8.83 9.93 12.78 12.99 10.88 9.34 10.22 10.15 9.64 8.69 8.32 9.42 7.66 7.66 11.10 8.98 7.23 5.33 5.33 6.72 8.83 10.15 9.86 10.07 9.71 10.37 9.86 8.69 7.37
11.61 9.20 8.32 8.69 11.97 12.48 13.87 12.19 14.31 15.26 14.53 13.87 11.83 11.46 11.39 8.83 5.77 4.82 4.82 4.67 6.50 10.15 14.38 14.60 11.61 9.05 4.74 5.11 4.45 3.36 4.02 3.72 4.38 5.77 8.25 8.18 5.62 4.16 2.77 1.31 0.00 3.07 2.77 2.77 3.80 6.20 8.61 10.00 8.03 5.69 4.53 4.53 3.87 3.72 3.50 2.77 3.94 7.59 9.42 10.51 11.10 11.75 11.46 9.78 10.95 10.44 11.02 10.44 10.44 9.78 7.08 6.72 8.18 8.40 8.54 10.15 12.92 14.67 14.75 13.65 12.56 11.68 8.18 8.40
15.55 13.87 13.65 12.85 11.53 9.56 8.76 9.05 11.32 12.92 13.58 16.35 16.64 16.13 17.30 17.89 15.40 11.61 11.61 8.40 5.77 5.40 8.69 14.60 14.09 9.93 6.94 5.99 4.96 3.58 3.58 4.38 5.62 6.35 8.40 8.54 5.84 2.26 0.73 0.88 1.39 0.00 0.00 0.00 0.00 4.31 7.66 9.27 8.98 5.62 4.82 4.53 3.72 3.58 4.23 3.72 4.60 5.99 7.52 8.40 11.10 12.56 13.29 14.60 13.29 11.68 10.15 8.10 8.10 7.66 8.03 9.20 9.56 9.93 8.32 7.45 7.66 10.00 11.83 13.43 13.87 12.63 11.17 9.20
16.06 16.50 16.64 15.91 15.04 13.65 12.78 12.12 13.36 12.34 10.22 11.39 13.43 14.24 15.04 15.84 14.60 10.66 10.66 13.94 12.34 6.35 5.40 8.40 8.83 7.37 6.13 6.42 5.84 3.94 2.77 4.82 6.50 7.23 7.88 6.64 5.48 1.10 0.66 0.73 0.88 0.00 2.19 2.19 3.65 4.74 6.35 7.01 7.30 4.96 4.74 5.04 4.74 5.26 6.57 7.08 9.20 12.05 12.63 12.92 12.63 16.50 20.00 20.37 17.74 15.70 14.53 12.70 12.70 11.97 12.78 13.80 14.45 14.02 13.94 11.97 11.10 10.73 8.18 8.47 10.15 11.90 12.78 11.24
16.06 16.50 16.64 15.91 15.04 13.65 12.78 12.12 13.36 12.34 10.22 11.39 13.43 14.24 15.04 15.84 14.60 10.66 10.66 13.94 12.34 6.35 5.40 8.40 8.83 7.37 6.13 6.42 5.84 3.94 2.77 4.82 6.50 7.23 7.88 6.64 5.48 1.10 0.66 0.73 0.88 0.00 2.19 2.19 3.65 4.74 6.35 7.01 7.30 4.96 4.74 5.04 4.74 5.26 6.57 7.08 9.20 12.05 12.63 12.92 12.63 16.50 20.00 20.37 17.74 15.70 14.53 12.70 12.70 11.97 12.78 13.80 14.45 14.02 13.94 11.97 11.10 10.73 8.18 8.47 10.15 11.90 12.78 11.24
13.94 13.29 14.45 15.18 16.50 15.70 13.58 12.05 11.97 10.73 8.69 6.50 9.56 12.70 14.53 15.77 14.31 12.99 12.99 11.46 11.61 11.90 10.44 8.54 8.61 7.15 7.23 6.94 5.11 4.82 5.33 5.69 5.77 6.42 8.91 6.42 3.80 1.61 1.02 0.44 1.75 3.07 3.80 3.80 5.33 5.26 4.45 5.04 5.18 5.26 5.26 6.06 5.84 3.58 5.84 6.13 7.66 9.27 10.29 10.44 11.10 13.58 18.10 21.32 15.40 16.35 16.43 15.26 15.26 14.16 16.06 17.45 16.86 16.57 14.24 12.26 10.95 12.12 11.39 10.07 9.93 9.93 10.80 11.32
14.45 15.33 14.31 14.60 14.75 13.07 12.48 11.83 10.95 8.98 7.74 8.91 10.15 11.32 12.05 12.99 9.27 9.71 9.71 11.39 12.41 12.34 10.37 8.18 8.32 7.52 6.06 7.30 7.59 6.94 5.91 5.99 6.64 8.61 10.29 7.96 6.20 5.62 4.96 3.50 3.50 4.31 3.94 3.94 5.11 5.11 5.18 5.40 7.88 9.78 12.78 14.82 13.36 9.93 8.47 8.91 8.40 7.01 6.13 7.30 7.88 8.91 9.56 7.15 10.22 10.44 12.85 13.58 13.58 14.67 15.04 17.96 16.94 13.36 10.51 10.95 12.63 14.67 15.99 12.19 10.00 8.98 7.45 8.61
13.14 12.63 13.72 13.29 12.26 10.59 8.98 9.71 8.98 7.96 6.79 6.50 8.03 7.52 7.88 8.40 7.37 5.84 5.84 8.61 10.59 11.90 8.54 6.86 6.94 6.79 7.52 6.42 6.94 6.13 5.69 5.91 6.57 6.79 7.01 5.48 5.55 5.18 5.62 5.33 4.89 6.57 6.64 6.64 5.99 5.91 6.79 8.32 9.56 10.07 11.02 13.65 13.29 10.07 7.81 8.47 9.49 8.91 7.01 5.26 8.98 9.20 7.96 9.93 11.90 13.94 17.52 22.63 22.63 22.05 19.93 17.89 18.47 16.21 11.68 9.78 11.17 13.07 12.63 11.02 9.05 10.44 11.39 11.53
13.14 12.63 13.72 13.29 12.26 10.59 8.98 9.71 8.98 7.96 6.79 6.50 8.03 7.52 7.88 8.40 7.37 5.84 5.84 8.61 10.59 11.90 8.54 6.86 6.94 6.79 7.52 6.42 6.94 6.13 5.69 5.91 6.57 6.79 7.01 5.48 5.55 5.18 5.62 5.33 4.89 6.57 6.64 6.64 5.99 5.91 6.79 8.32 9.56 10.07 11.02 13.65 13.29 10.07 7.81 8.47 9.49 8.91 7.01 5.26 8.98 9.20 7.96 9.93 11.90 13.94 17.52 22.63 22.63 22.05 19.93 17.89 18.47 16.21 11.68 9.78 11.17 13.07 12.63 11.02 9.05 10.44 11.39 11.53
12.26 14.09 12.85 9.56 6.86 5.11 4.38 5.26 5.77 4.45 4.23 4.82 6.06 6.94 8.25 11.39 11.61 11.97 11.97 12.05 12.63 10.88 8.10 7.01 7.15 7.30 6.79 5.62 5.04 4.16 4.96 4.60 7.01 7.08 6.86 7.96 11.68 9.13 9.05 9.56 9.49 10.73 9.78 9.78 7.23 5.04 5.55 7.08 8.98 9.34 9.64 10.51 10.15 9.20 9.78 10.95 12.78 15.33 14.75 10.44 9.64 7.59 7.74 9.56 10.29 13.65 17.37 20.15 20.15 21.53 21.90 20.88 18.47 17.01 15.55 12.56 11.53 11.97 13.72 13.21 13.21 14.02 15.55 15.91
13.29 11.39 7.45 4.96 3.72 0.00 4.23 6.20 6.94 8.83 8.91 8.83 11.53 12.26 11.17 13.51 12.48 11.53 11.53 10.15 9.56 7.15 8.32 8.32 5.62 6.06 7.23 9.05 8.47 8.61 9.78 10.73 13.43 12.56 11.97 14.97 15.55 13.65 12.05 12.05 10.88 9.49 7.59 7.59 6.28 7.01 8.25 10.07 11.17 12.19 11.53 10.22 9.05 9.34 9.42 10.15 12.34 13.21 13.51 15.33 11.39 15.62 15.62 15.77 15.84 16.50 19.49 22.19 22.19 23.36 25.26 25.04 21.53 18.76 17.37 15.77 13.29 12.63 12.78 13.51 12.41 9.20 10.80 11.75
11.46 8.83 7.66 8.03 7.30 6.28 6.06 7.66 9.05 11.02 10.59 10.29 10.07 11.53 11.24 14.53 13.36 10.29 10.29 8.03 8.18 8.91 10.29 7.88 5.91 6.94 10.66 12.70 12.12 14.02 15.99 19.56 16.57 14.75 13.07 11.90 11.02 10.37 9.93 9.71 9.86 10.66 10.37 10.37 9.86 11.02 12.26 14.09 14.16 15.55 15.26 12.41 12.05 12.56 13.14 15.26 16.79 14.97 11.24 9.71 10.00 13.65 14.97 16.35 17.67 19.35 19.20 17.08 17.08 18.69 20.51 20.59 16.94 12.78 12.26 11.61 7.88 4.74 4.96 11.75 16.35 16.43 14.09 13.72
9.20 8.69 8.91 9.27 8.32 5.26 5.91 8.98 7.37 8.25 8.32 10.15 10.73 10.88 12.63 12.63 12.05 12.05 12.05 11.53 7.96 9.42 14.38 12.34 10.73 9.34 8.47 12.12 13.29 16.06 18.47 17.16 13.80 10.51 10.29 8.54 7.88 7.96 9.34 11.39 11.90 11.46 11.90 11.90 12.05 12.34 11.24 10.00 8.69 9.86 10.95 10.00 9.78 10.73 12.19 11.68 11.32 13.14 12.63 8.76 10.22 10.22 10.51 10.88 14.24 15.91 17.23 16.86 16.86 19.27 21.83 17.01 13.14 12.26 12.78 14.24 8.25 0.00 0.00 10.37 18.10 18.83 17.89 19.78
9.20 8.69 8.91 9.27 8.32 5.26 5.91 8.98 7.37 8.25 8.32 10.15 10.73 10.88 12.63 12.63 12.05 12.05 12.05 11.53 7.96 9.42 14.38 12.34 10.73 9.34 8.47 12.12 13.29 16.06 18.47 17.16 13.80 10.51 10.29 8.54 7.88 7.96 9.34 11.39 11.90 11.46 11.90 11.90 12.05 12.34 11.24 10.00 8.69 9.86 10.95 10.00 9.78 10.73 12.19 11.68 11.32 13.14 12.63 8.76 10.22 10.22 10.51 10.88 14.24 15.91 17.23 16.86 16.86 19.27 21.83 17.01 13.14 12.26 12.78 14.24 8.25 0.00 0.00 10.37 18.10 18.83 17.89 19.78
8.69 9.64 9.71 9.78 10.15 6.28 4.38 5.40 5.48 5.04 5.33 7.66 9.42 10.29 11.90 11.32 12.26 11.61 11.61 10.07 8.69 8.54 9.20 10.88 12.34 12.05 9.64 9.49 10.15 12.63 15.40 15.62 14.89 13.29 10.29 7.08 6.86 6.20 7.96 10.37 11.83 11.83 11.17 11.17 11.53 10.44 9.42 8.10 7.37 8.76 10.15 10.88 11.46 9.93 8.91 7.15 5.91 6.86 9.49 11.68 13.14 12.41 12.26 10.80 12.26 13.51 15.84 17.16 17.16 20.29 20.51 16.13 13.29 14.16 14.97 13.72 8.91 0.00 5.26 14.38 15.91 13.51 13.21 13.94
11.32 12.05 11.68 11.68 11.75 9.93 7.81 6.86 5.77 6.42 6.42 8.25 11.24 13.72 14.31 15.11 13.58 11.75 11.75 9.56 8.32 5.18 5.18 10.07 13.29 13.29 12.05 11.61 11.90 13.36 14.97 16.86 21.24 19.35 13.14 8.69 8.83 7.88 8.47 11.17 11.97 10.80 9.34 9.34 8.18 6.13 3.36 2.26 2.63 4.53 5.62 6.20 7.37 9.13 9.78 8.98 9.05 6.79 16.72 18.25 18.76 19.64 17.59 15.40 13.29 14.89 16.86 20.88 20.88 23.36 22.70 17.59 13.94 14.09 14.60 12.85 6.79 5.62 6.50 10.07 11.17 12.19 11.68 11.53
8.98 10.07 8.69 11.10 10.07 10.59 10.66 8.03 6.06 7.15 8.03 7.52 8.83 9.27 10.29 11.61 11.46 15.48 15.48 15.26 12.63 9.34 7.37 8.32 11.75 13.43 14.09 15.55 15.55 14.53 16.28 18.91 18.47 14.89 12.63 11.32 10.51 8.83 7.37 6.72 6.86 6.94 7.08 7.08 7.37 3.58 0.00 0.00 0.95 5.62 7.52 8.54 8.47 9.13 10.37 10.44 10.44 16.21 17.45 21.61 23.51 24.31 23.51 21.02 18.54 19.20 22.78 22.27 22.27 19.64 15.70 12.85 11.39 12.12 10.66 8.03 7.23 8.91 10.15 9.42 10.00 10.15 11.10 11.97
9.49 9.56 8.54 7.59 7.08 7.15 12.19 11.02 9.42 8.54 7.74 8.25 15.99 10.80 8.69 7.74 10.95 11.32 11.32 12.05 12.78 13.14 13.51 12.63 13.58 15.55 15.33 13.07 13.29 12.99 13.21 15.70 18.18 15.04 10.37 8.18 8.83 8.25 8.32 6.28 5.84 7.08 7.81 7.81 11.17 12.70 9.42 8.61 11.53 12.19 9.86 10.88 10.22 11.17 11.90 12.34 14.02 13.94 17.23 20.29 21.61 23.94 24.67 23.87 23.14 22.92 21.61 18.40 18.40 12.92 8.83 7.74 8.47 8.83 8.54 5.91 4.74 5.11 5.04 5.69 6.20 7.01 8.54 10.66
9.27 8.32 9.42 10.80 8.10 7.96 10.00 12.12 13.65 14.97 14.45 16.43 21.68 20.51 16.94 12.12 11.97 10.95 10.95 10.88 11.53 13.14 14.60 15.26 17.67 19.64 20.08 17.45 13.87 11.39 9.93 12.12 14.89 14.16 10.51 6.79 4.38 0.00 5.84 11.75 14.16 10.22 9.20 9.20 13.14 14.45 13.80 13.72 12.41 12.12 12.70 13.21 13.21 14.82 14.31 13.72 18.10 15.40 16.86 19.42 20.73 22.92 23.94 24.82 25.48 23.80 22.56 19.35 19.35 13.36 9.34 6.20 5.33 4.60 4.23 4.02 3.80 3.29 2.41 2.92 3.65 2.85 3.14 6.57
9.27 8.32 9.42 10.80 8.10 7.96 10.00 12.12 13.65 14.97 14.45 16.43 21.68 20.51 16.94 12.12 11.97 10.95 10.95 10.88 11.53 13.14 14.60 15.26 17.67 19.64 20.08 17.45 13.87 11.39 9.93 12.12 14.89 14.16 10.51 6.79 4.38 0.00 5.84 11.75 14.16 10.22 9.20 9.20 13.14 14.45 13.80 13.72 12.41 12.12 12.70 13.21 13.21 14.82 14.31 13.72 18.10 15.40 16.86 19.42 20.73 22.92 23.94 24.82 25.48 23.80 22.56 19.35 19.35 13.36 9.34 6.20 5.33 4.60 4.23 4.02 3.80 3.29 2.41 2.92 3.65 2.85 3.14 6.57
8.40 7.96 7.81 7.45 6.50 8.03 9.13 10.95 13.14 10.37 10.44 9.49 16.72 19.13 18.61 18.54 19.56 16.35 16.35 14.82 16.21 16.86 17.23 21.17 23.43 23.58 21.32 20.00 15.84 13.07 11.68 10.15 11.61 11.61 8.32 4.16 0.00 0.00 0.00 6.28 10.44 9.34 8.10 8.10 8.10 6.35 5.26 0.00 3.50 4.16 7.08 9.78 9.86 12.78 16.28 16.86 13.87 13.72 15.99 18.18 19.56 20.66 23.21 21.90 22.92 22.85 20.95 18.69 18.69 18.98 16.64 12.19 10.00 7.66 6.50 6.42 5.40 4.53 2.85 2.19 1.83 1.83 2.56 5.55
9.27 8.83 6.94 7.59 8.10 8.69 12.05 13.51 14.24 15.26 11.32 6.28 8.03 9.20 13.36 16.21 15.70 15.48 15.48 17.16 18.61 18.54 16.28 15.12 14.67 17.02 15.85 17.59 16.06 12.56 10.88 8.69 7.01 5.48 0.00 3.14 0.00 0.00 2.77 3.87 5.33 6.13 7.30 7.30 7.45 6.50 4.82 2.70 0.00 0.00 0.00 4.74 6.94 8.54 9.86 12.12 8.91 10.80 13.29 15.55 15.62 17.30 20.73 21.83 22.63 23.00 23.29 22.70 22.70 22.85 22.92 19.78 16.64 13.07 8.76 5.55 4.45 3.94 3.07 3.87 3.80 2.77 1.17 1.02
13.72 13.51 11.97 11.32 11.90 12.92 15.04 16.57 15.33 13.65 12.12 13.94 15.33 13.14 13.72 13.72 14.67 14.67 14.67 14.89 17.59 20.15 19.05 16.99 19.96 15.94 15.07 17.31 20.37 17.96 14.16 10.73 7.30 4.23 2.48 1.53 1.83 0.00 4.53 4.74 4.89 4.96 3.14 3.14 5.40 5.69 4.02 3.94 0.00 0.00 0.00 0.00 0.00 3.72 0.00 0.00 0.00 4.53 8.61 11.97 12.99 13.36 13.94 14.97 15.18 16.72 18.69 18.83 18.83 21.53 20.37 17.89 16.35 14.16 11.24 8.83 8.25 8.03 8.61 8.76 6.72 0.00 0.00 0.00
13.72 15.40 15.11 14.16 12.34 11.46 11.32 11.02 10.29 6.13 11.68 13.65 13.07 13.29 12.92 14.02 16.79 16.43 16.43 16.28 17.01 19.27 20.32 18.74 17.32 14.98 16.92 16.74 17.08 15.57 13.72 13.21 11.39 7.74 5.33 6.28 5.84 5.33 5.18 4.82 4.16 0.00 0.00 0.00 2.92 3.65 0.00 3.50 0.00 1.61 0.00 0.00 0.00 0.00 1.90 0.00 0.00 0.00 0.00 9.93 12.85 12.48 12.92 13.94 9.78 12.56 18.10 21.90 21.90 22.78 22.41 20.59 19.71 19.27 17.67 15.48 13.43 11.68 12.63 9.93 5.33 4.60 4.31 4.38
12.26 12.85 13.07 13.51 11.90 9.42 7.01 4.53 0.00 0.00 0.00 6.35 7.08 10.80 15.40 16.50 16.28 15.11 15.11 13.84 14.60 16.97 21.75 19.05 17.56 16.13 17.38 19.76 21.39 20.94 18.93 18.98 17.52 14.31 12.26 9.34 7.45 6.06 3.58 2.19 2.77 0.00 0.00 0.00 0.00 0.00 1.97 0.00 0.00 0.00 0.00 1.68 0.00 0.00 0.00 3.87 0.00 0.00 4.74 9.42 12.26 14.38 17.08 20.22 15.70 16.28 21.10 24.60 24.60 24.24 22.63 23.07 23.80 23.29 22.27 19.64 16.64 11.32 11.39 9.20 0.00 5.11 6.13 6.79
12.26 12.85 13.07 13.51 11.90 9.42 7.01 4.53 0.00 0.00 0.00 6.35 7.08 10.80 15.40 16.50 16.28 15.11 15.19 14.28 14.82 18.17 21.20 19.54 17.30 16.13 16.86 18.36 19.98 21.26 19.12 19.77 19.69 15.14 12.58 9.34 7.45 6.06 3.58 2.19 2.77 0.00 0.00 0.00 0.00 0.00 1.97 0.00 0.00 0.00 0.00 1.68 0.00 0.00 0.00 3.87 0.00 0.00 4.74 9.42 12.26 14.38 17.08 20.22 15.70 16.28 21.10 24.60 24.60 24.24 22.63 23.07 23.80 23.29 22.27 19.64 16.64 11.32 11.39 9.20 0.00 5.11 6.13 6.79
14.45 14.53 13.29 12.70 11.68 9.56 8.25 7.01 6.64 0.00 0.00 0.00 0.00 7.30 14.97 18.40 20.37 18.10 18.10 14.60 12.41 10.73 11.59 14.38 16.17 18.58 18.43 17.90 18.69 19.81 18.36 17.02 20.29 21.86 18.74 14.22 10.47 7.88 6.79 3.43 2.12 4.02 0.00 0.00 0.00 0.00 0.00 0.00 0.00 0.00 0.00 2.56 0.00 0.00 0.00 5.91 0.00 0.00 0.00 4.45 4.23 8.76 15.77 24.82 26.35 24.31 24.67 25.26 25.26 22.34 18.69 20.08 24.97 23.36 23.36 20.51 15.91 11.97 10.66 8.91 7.59 5.55 0.00 0.00
12.26 11.75 10.73 10.73 10.07 9.42 11.61 13.51 16.64 13.58 14.31 10.66 10.29 13.87 18.47 22.92 22.48 19.20 19.20 14.75 12.05 10.05 8.91 9.78 8.58 9.56 12.63 16.04 18.40 19.76 18.10 14.82 15.33 17.99 20.39 19.34 14.53 12.69 8.61 4.67 3.50 3.80 0.00 0.00 0.00 0.00 5.40 0.00 4.60 0.00 0.00 0.00 0.00 0.00 0.00 0.00 0.00 0.00 0.00 0.00 2.99 5.40 11.10 19.42 25.84 24.75 22.27 26.21 26.21 24.45 22.85 23.21 23.07 24.24 23.58 19.05 15.04 14.75 10.59 7.74 6.13 5.55 5.84 0.00
8.54 8.98 10.59 10.95 10.15 7.66 8.83 10.44 10.44 13.72 13.51 12.63 14.53 14.75 14.60 15.33 16.21 14.97 14.97 13.65 10.51 9.78 7.66 7.66 6.20 5.77 9.71 12.68 15.99 19.13 21.39 21.83 19.78 17.96 18.60 19.64 19.65 16.57 15.11 14.09 10.66 5.91 2.56 2.56 2.56 0.00 0.00 0.00 0.00 2.99 4.60 4.82 4.96 0.00 0.00 0.00 0.00 0.00 0.00 0.00 0.00 0.00 11.46 17.16 19.49 19.64 21.46 24.67 24.67 24.45 20.73 21.75 24.16 26.72 26.57 20.44 15.99 14.09 9.71 8.03 6.28 5.48 4.96 4.82
18.18 18.18 16.86 15.99 11.32 10.66 11.24 14.09 19.27 15.62 11.46 13.87 15.04 13.51 13.14 11.39 9.05 10.29 10.29 10.66 10.44 9.93 7.45 6.06 6.20 6.50 9.20 11.59 13.36 15.70 18.54 21.39 21.61 20.51 21.02 22.63 22.38 22.39 21.97 20.28 15.77 9.20 4.60 4.60 3.50 2.63 1.46 2.85 1.83 0.00 0.00 3.94 0.00 0.00 0.00 0.00 0.00 4.23 4.67 0.00 0.00 0.00 6.79 10.15 14.09 19.56 22.27 18.47 18.47 15.77 13.87 15.55 20.51 24.45 23.14 21.24 20.95 19.20 13.94 9.42 7.59 7.45 5.18 3.43
13.58 18.32 21.32 21.17 17.23 15.62 16.13 17.23 23.67 22.70 21.02 20.08 14.38 11.97 11.10 7.66 4.82 6.28 6.28 7.74 8.10 9.20 6.64 4.96 6.64 9.20 8.32 8.41 10.66 11.75 13.51 15.48 17.37 18.91 21.17 24.53 25.40 23.43 22.60 21.49 17.09 15.62 12.05 12.05 6.50 4.45 4.23 4.96 3.65 4.09 2.48 2.99 2.77 0.00 0.00 0.00 5.69 7.30 8.54 8.18 6.06 4.82 4.67 5.84 7.45 10.66 14.09 10.59 10.59 7.23 7.59 11.39 15.11 17.52 17.81 20.88 24.09 21.90 16.72 12.12 9.05 4.09 2.85 3.07
0.00 4.31 9.86 15.70 20.15 22.56 22.48 16.79 17.52 17.08 20.88 15.18 10.15 5.99 4.96 4.45 3.94 4.31 4.31 5.26 5.40 5.55 3.87 3.36 4.38 7.30 7.88 7.96 9.04 9.00 10.44 9.83 11.74 13.87 16.64 17.37 19.35 20.57 22.12 22.41 18.73 17.74 15.91 15.91 14.53 14.02 13.36 8.61 8.61 5.84 6.13 4.38 0.00 4.09 0.00 5.40 4.31 4.82 6.86 7.37 6.86 4.96 0.00 0.00 0.00 5.04 5.91 7.01 7.01 9.13 11.32 11.46 9.78 9.71 11.32 11.39 11.83 12.05 14.38 14.45 11.02 6.86 3.21 3.58
0.00 4.31 9.86 15.70 20.15 22.56 22.48 16.79 17.08 17.08 20.88 15.18 10.15 5.99 4.96 4.45 3.94 4.33 4.31 5.26 5.40 5.55 3.87 3.36 4.38 7.30 7.88 7.96 8.91 8.69 10.07 9.78 11.39 13.87 16.73 17.46 19.35 20.47 22.34 22.41 18.54 17.74 15.91 15.91 14.53 14.02 13.36 8.61 8.61 5.84 6.13 4.38 0.00 4.09 0.00 5.40 4.31 4.82 6.86 7.37 6.86 4.96 0.00 0.00 0.00 5.04 5.91 7.01 7.01 9.13 11.32 11.46 9.78 9.71 11.32 11.39 11.83 12.05 14.38 14.45 11.02 6.86 3.21 3.58
4.31 0.00 0.00 6.35 15.70 22.34 22.27 18.53 17.86 14.60 13.21 10.51 8.03 5.18 5.04 3.87 3.29 0.00 0.00 2.92 4.31 3.29 0.00 0.00 0.00 8.10 9.13 8.91 8.40 7.66 6.28 6.42 7.15 8.76 10.00 10.15 11.75 14.09 15.19 15.04 12.34 11.53 12.56 12.56 17.37 18.76 19.27 19.71 15.40 10.95 6.28 2.92 2.63 0.00 0.00 0.00 0.00 0.00 4.53 0.00 4.74 4.45 3.21 3.94 0.00 0.00 4.53 3.72 3.72 5.69 6.13 5.91 5.18 5.26 8.03 9.13 7.66 6.72 9.42 11.02 10.51 7.15 4.96 0.00
