ArcGIS/Extract_Mean_Calc_test/Data/1985001.txt
ncols 321
nrows 161
xllcenter 60
yllcenter 15 
cellsize  0.25 
NODATA_value -1
[rows 0 to 36 of 161, columns 168 to 251 of 321]
6.28 5.40 4.38 5.62 6.06 6.86 7.88 7.01 8.61 8.61 9.56 10.15 10.66 9.71 8.76 8.76 9.42 10.66 13.14 15.33 13.94 11.02 9.56 13.29 10.22 4.74 0.29 0.00 0.00 0.00 0.00 3.58 10.95 15.99 16.86 16.86 16.43 16.86 18.83 20.22 22.05 26.50 27.30 25.99 28.76 34.31 34.02 32.78 29.42 22.27 21.24 20.95 23.00 21.75 25.04 28.11 30.44 31.97 31.17 30.73 30.73 30.88 31.61 33.94 35.04 34.67 34.60 33.00 29.71 28.18 27.23 26.50 25.33 25.26 25.77 24.45 24.82 24.09 24.45 23.94 20.66 17.45 16.64 16.64
7.74 6.28 5.99 5.11 4.74 5.18 5.84 8.18 9.93 9.93 9.78 8.25 8.76 9.42 9.49 9.05 9.20 8.69 10.07 12.92 11.97 11.17 13.58 12.26 7.66 1.68 0.00 0.00 0.00 0.00 0.00 4.74 9.27 12.41 14.09 14.09 14.16 14.53 20.95 25.92 33.94 29.93 32.12 36.14 39.27 35.04 29.86 25.99 24.60 24.09 23.65 22.41 21.68 22.41 25.40 28.25 31.24 32.78 33.58 31.03 31.03 30.66 32.41 33.51 33.14 32.63 31.97 30.51 28.40 27.01 26.94 26.86 24.82 23.51 23.00 21.83 21.68 22.27 21.61 20.00 17.37 15.11 15.55 14.45
8.61 8.47 7.15 4.96 2.41 3.50 5.18 6.86 7.59 7.59 6.86 6.86 7.15 6.72 6.28 7.52 9.42 9.93 10.51 11.02 11.53 12.41 13.36 11.32 0.88 0.00 0.00 0.00 0.00 0.00 0.00 6.64 10.51 12.48 13.87 13.87 14.31 19.86 25.84 32.12 32.19 32.12 32.41 31.83 28.11 22.85 20.08 18.91 18.32 20.00 21.68 23.73 24.75 23.73 24.67 25.40 24.97 26.28 28.40 28.32 28.32 29.05 29.42 28.98 27.08 27.74 29.05 28.76 26.35 25.40 25.84 25.70 22.92 22.05 21.68 21.24 20.51 20.29 20.37 19.64 16.79 14.89 15.04 13.51
8.61 8.47 7.15 4.96 2.41 3.50 5.18 6.86 7.59 7.59 6.86 6.86 7.15 6.72 6.28 7.52 9.42 9.93 10.51 11.02 11.53 12.41 13.36 11.32 0.88 0.00 0.00 0.00 0.00 0.00 0.00 6.64 10.51 12.48 13.87 13.87 14.31 19.86 25.84 32.12 32.19 32.12 32.41 31.83 28.11 22.85 20.08 18.91 18.32 20.00 21.68 23.73 24.75 23.73 24.67 25.40 24.97 26.28 28.40 28.32 28.32 29.05 29.42 28.98 27.08 27.74 29.05 28.76 26.35 25.40 25.84 25.70 22.92 22.05 21.68 21.24 20.51 20.29 20.37 19.64 16.79 14.89 15.04 13.51
8.76 8.83 4.53 3.58 2.12 2.26 3.50 4.74 6.86 6.86 6.50 6.57 6.50 6.86 7.01 5.77 6.42 6.86 7.81 8.76 10.15 10.51 7.23 8.10 0.00 0.00 0.00 0.00 0.00 0.00 3.80 7.15 10.51 15.18 14.75 14.75 18.69 24.24 31.46 22.12 28.98 25.99 23.07 18.54 14.09 13.87 11.83 12.41 15.04 16.94 17.59 17.81 22.34 23.65 24.02 23.07 23.21 23.73 24.24 26.28 26.28 27.67 27.81 28.69 27.81 27.23 26.13 25.40 24.60 24.02 24.09 24.24 22.70 20.00 17.59 18.03 18.83 18.03 17.81 17.81 18.18 19.35 17.01 16.79
8.69 8.03 6.57 4.60 2.56 2.56 3.21 3.80 4.96 4.96 6.42 7.01 6.64 5.48 4.89 4.45 5.40 5.48 6.28 4.38 4.31 0.00 0.00 0.00 0.00 0.00 0.00 0.00 0.00 2.92 7.52 10.44 13.51 15.62 16.72 16.72 20.22 20.81 16.50 12.41 14.97 17.01 16.86 15.40 16.06 14.89 12.70 13.72 15.91 17.52 18.69 20.73 20.88 19.13 17.89 19.64 20.37 21.24 19.86 22.92 22.92 24.38 26.43 28.03 27.38 21.24 21.24 21.24 21.24 22.19 23.00 22.63 20.73 19.49 18.47 17.45 17.23 17.16 17.74 18.10 18.32 17.01 15.40 15.33
10.95 10.07 8.98 7.01 5.48 5.91 5.91 5.04 4.96 4.96 6.13 5.69 6.42 6.64 5.11 4.60 5.11 4.53 2.12 0.00 0.00 0.00 0.00 0.00 0.00 0.00 0.00 0.00 1.02 6.20 11.83 14.67 16.94 18.61 20.08 20.08 19.86 17.30 15.11 10.66 12.41 12.05 11.75 12.05 12.85 11.24 14.16 15.77 17.81 17.67 17.23 16.06 12.78 15.18 15.62 17.89 15.55 14.75 17.52 19.93 19.93 21.02 22.85 23.58 21.39 20.73 20.00 19.78 18.98 19.13 18.47 17.59 17.45 16.35 17.30 16.64 16.43 16.50 15.33 16.43 18.66 17.73 16.03 14.42
10.95 10.07 8.98 7.01 5.48 5.91 5.91 5.04 4.96 4.96 6.13 5.69 6.42 6.64 5.11 4.60 5.11 4.53 2.12 0.00 0.00 0.00 0.00 0.00 0.00 0.00 0.00 0.00 1.02 6.20 11.83 14.67 16.94 18.61 20.08 20.08 19.86 17.30 15.11 10.66 12.41 12.05 11.75 12.05 12.85 11.24 14.16 15.77 17.81 17.67 17.23 16.06 12.78 15.18 15.62 17.89 15.55 14.75 17.52 19.93 19.93 21.02 22.85 23.58 21.39 20.73 20.00 19.78 18.98 19.13 18.47 17.59 17.45 16.35 17.30 19.24 22.66 23.74 21.00 27.91 30.81 23.60 20.62 14.97
10.95 10.22 9.20 9.27 8.91 8.47 7.96 7.74 6.86 6.86 6.28 6.20 5.55 5.55 5.04 4.67 5.11 0.00 0.00 0.00 0.00 0.00 0.00 0.00 0.00 0.00 0.00 3.58 11.10 10.44 11.17 12.70 14.53 18.76 21.97 21.97 22.27 17.52 16.57 15.04 15.77 13.72 13.51 14.67 16.06 14.97 14.97 17.74 21.10 21.24 18.83 15.33 14.24 13.36 14.16 14.24 14.09 15.40 15.18 16.21 16.21 17.08 17.59 18.69 18.69 18.18 16.86 16.06 16.43 16.13 15.04 16.86 14.82 15.80 19.40 22.85 24.29 22.12 17.90 24.14 23.17 19.80 17.52 16.19
13.51 15.11 15.70 15.33 13.58 11.97 10.29 9.93 10.51 10.51 9.86 9.05 6.28 3.94 2.48 2.56 0.00 0.00 0.00 0.00 0.00 0.00 0.00 0.00 0.00 2.48 3.14 9.56 14.60 13.58 14.82 14.82 15.04 16.35 18.54 18.54 20.44 19.05 17.96 16.50 15.84 17.89 17.30 17.16 15.33 15.55 17.23 19.20 20.88 21.10 18.40 15.26 12.70 12.92 12.12 12.92 14.24 13.94 14.02 15.77 15.77 17.59 17.52 18.76 18.18 17.67 16.57 15.62 15.70 17.67 18.69 18.25 17.65 20.89 23.22 23.90 25.18 27.84 29.20 27.08 23.38 22.93 25.87 26.52
10.80 11.68 13.58 14.67 14.89 14.24 13.29 13.72 13.29 13.29 10.15 7.59 6.13 4.16 1.61 0.00 0.00 0.00 0.00 0.00 0.00 0.00 0.00 0.00 6.50 8.83 9.71 12.12 11.90 13.07 14.16 15.48 16.43 17.23 18.54 18.54 18.91 16.21 16.13 18.18 20.00 21.97 17.96 17.52 16.79 14.09 14.02 15.04 13.51 13.87 13.51 12.12 13.51 14.89 15.70 17.01 18.91 18.47 16.57 15.70 15.70 19.93 19.27 18.18 17.08 16.94 15.84 15.04 15.26 16.06 16.28 16.13 15.27 13.93 14.83 20.83 27.30 28.50 23.32 26.34 26.68 26.50 22.15 22.64
10.80 11.68 13.58 14.67 14.89 14.24 13.29 13.72 13.29 13.29 10.15 7.59 6.13 4.16 1.61 0.00 0.00 0.00 0.00 0.00 0.00 0.00 0.00 0.00 6.50 8.83 9.71 12.12 11.90 13.07 14.16 15.48 16.43 17.23 18.54 18.54 18.91 16.21 16.13 18.18 20.00 21.97 17.96 17.52 16.79 14.09 14.02 15.04 13.51 13.87 13.51 12.12 13.51 14.89 15.70 17.01 18.91 18.47 16.57 15.70 15.70 19.93 19.27 18.18 17.08 16.94 15.84 15.04 15.26 16.06 16.28 16.13 14.89 13.72 14.38 19.34 24.33 26.39 24.87 27.33 26.68 25.92 24.33 24.22
13.36 11.83 9.71 10.37 9.27 9.86 9.56 9.71 5.40 5.40 2.34 0.00 0.00 0.00 0.00 0.00 0.00 0.00 0.51 1.10 0.66 5.40 6.86 8.32 8.69 8.25 10.44 12.26 12.99 13.65 15.18 15.55 16.06 16.21 16.43 16.43 16.94 16.21 16.13 21.32 21.24 20.08 17.08 18.32 16.21 12.56 12.70 14.97 14.45 13.72 12.85 13.94 16.35 17.67 17.52 18.40 20.00 20.66 18.25 17.59 17.59 17.52 16.21 14.89 16.64 16.43 16.57 17.08 17.16 16.28 15.70 15.26 15.55 16.21 16.47 18.95 21.73 22.32 24.08 24.62 24.84 25.55 23.14 22.60
10.95 10.51 8.47 7.74 7.59 5.99 7.30 0.00 0.00 0.00 0.00 0.00 0.00 0.00 0.00 0.00 0.00 0.00 4.31 8.98 9.93 11.97 9.86 9.05 8.69 9.93 12.78 14.45 15.48 15.18 15.62 14.67 14.97 13.87 14.24 14.24 16.13 16.43 16.13 16.86 17.59 18.18 16.94 15.77 13.36 13.51 14.31 15.40 14.82 13.72 13.36 14.60 14.09 15.26 15.40 15.77 15.62 15.62 15.33 14.97 14.97 17.08 17.59 17.59 17.59 18.18 18.69 18.98 19.20 19.86 18.83 17.37 16.79 17.65 20.52 20.99 18.84 20.72 23.36 19.53 22.46 20.72 19.50 21.08
14.09 15.48 14.97 14.16 12.99 10.37 9.93 10.73 0.00 0.00 0.00 0.00 0.00 0.00 0.00 1.83 8.76 6.86 10.59 10.59 11.32 13.29 12.48 10.07 8.47 11.53 12.85 13.72 14.67 14.16 12.56 13.14 12.85 13.51 13.07 13.07 14.45 14.31 15.48 14.67 15.04 13.43 12.41 12.12 12.19 12.85 13.29 14.45 14.45 13.21 12.05 11.61 11.61 12.48 12.05 12.85 14.02 14.02 15.40 15.77 15.77 16.43 16.50 16.79 16.64 17.01 17.89 17.67 16.79 18.18 18.47 16.64 16.09 18.02 18.80 19.91 20.29 23.68 21.95 21.24 22.54 21.05 19.91 18.57
19.86 18.61 17.01 17.59 16.21 14.02 11.53 9.49 5.77 5.77 5.62 2.26 6.57 5.91 4.45 5.11 6.06 6.57 8.32 7.66 9.34 12.99 12.48 11.75 11.68 11.83 11.46 10.88 11.10 11.46 11.53 11.97 12.99 13.07 12.48 12.48 12.85 13.43 11.61 12.78 10.59 10.73 12.85 15.18 11.46 10.51 10.44 11.46 12.78 12.99 12.92 11.83 10.80 10.37 8.47 9.93 12.34 14.38 14.75 14.82 14.82 16.43 14.31 13.58 12.56 12.92 11.97 10.00 9.71 12.05 16.35 17.31 17.36 16.84 18.69 20.70 23.70 20.46 24.65 23.84 23.46 25.96 21.66 18.37
19.86 18.61 17.01 17.59 16.21 14.02 11.53 9.49 5.77 5.77 5.62 2.26 6.57 5.91 4.45 5.11 6.06 6.57 8.32 7.66 9.34 12.99 12.48 11.75 11.68 11.83 11.46 10.88 11.10 11.46 11.53 11.97 12.99 13.07 12.48 12.48 12.85 13.43 11.61 12.78 10.59 10.73 12.85 15.18 11.46 10.51 10.44 11.46 12.78 12.99 12.92 11.83 10.80 10.37 8.47 9.93 12.34 14.38 14.75 14.82 14.82 16.43 14.31 13.58 12.56 12.92 11.97 10.00 9.71 12.05 16.35 21.25 16.27 18.30 16.79 25.61 24.05 22.62 25.14 21.50 22.68 22.32 23.55 20.86
14.97 14.53 12.48 11.24 11.02 10.29 10.22 9.20 9.93 9.93 10.37 9.05 8.61 8.03 8.18 7.30 6.35 6.86 7.96 8.54 8.98 10.00 10.80 12.26 12.78 12.92 11.83 11.75 11.83 11.46 12.12 12.41 11.68 11.83 15.33 15.33 13.94 13.80 12.19 12.99 15.48 15.26 15.55 14.60 12.48 10.73 11.32 11.02 9.93 9.27 9.78 9.64 8.25 7.30 6.50 6.86 7.96 10.80 10.80 9.05 9.05 8.83 8.91 9.27 6.50 5.91 5.04 3.72 4.16 8.25 14.37 16.03 15.67 14.69 17.38 22.20 23.24 19.50 18.88 23.08 22.99 22.00 21.69 18.34
12.78 15.11 14.02 11.97 11.17 10.59 10.07 9.05 8.40 8.40 7.59 8.69 9.42 8.18 8.03 9.34 9.42 9.71 10.22 11.53 11.17 10.59 11.02 11.24 10.88 9.78 8.10 9.34 9.42 9.42 9.42 10.59 10.51 12.85 14.24 14.24 15.99 15.04 15.62 14.45 15.04 12.63 11.10 8.25 9.49 8.25 7.88 6.57 5.04 3.65 4.53 6.13 5.48 6.13 6.20 5.62 6.13 7.66 8.10 5.77 5.77 5.69 5.11 4.89 2.19 1.90 2.48 2.56 3.43 7.41 11.72 14.60 14.60 15.45 17.57 17.58 17.68 20.17 19.53 22.11 18.97 19.78 19.24 20.56
11.68 12.19 13.51 13.51 12.56 12.05 11.17 9.20 9.27 9.27 10.07 12.34 14.60 11.90 11.90 11.39 11.53 11.68 13.58 16.06 15.11 11.68 11.17 10.07 8.91 8.83 9.27 9.64 9.27 10.15 11.68 13.29 15.40 15.84 14.38 14.38 13.94 13.65 13.29 12.78 13.51 11.46 8.76 7.08 5.40 4.53 4.53 4.45 3.14 2.41 0.00 0.00 5.40 5.69 5.26 4.89 4.96 5.04 6.50 5.84 5.84 4.09 2.41 2.04 1.46 1.17 1.17 1.61 3.72 6.20 6.94 10.80 13.43 17.08 18.69 20.26 20.09 21.09 22.67 18.70 18.05 13.33 11.63 15.65
12.70 13.87 12.19 11.24 11.46 10.66 10.51 10.29 9.49 9.49 10.22 12.63 13.36 12.56 11.83 10.88 10.73 11.83 14.09 16.43 19.20 20.37 15.84 11.75 9.42 8.91 9.64 8.25 9.34 12.92 14.60 16.06 14.31 13.94 14.45 14.45 14.89 14.38 12.99 10.44 10.00 7.30 5.48 6.35 5.33 5.77 4.74 4.53 6.13 5.26 5.18 5.26 4.89 4.38 4.74 4.89 5.48 5.18 6.06 6.20 6.20 4.82 2.48 0.22 0.00 0.00 0.00 2.92 2.77 4.02 6.79 10.51 12.92 14.89 18.66 21.14 20.94 18.58 21.23 18.36 17.05 11.55 11.61 10.88
9.64 11.53 12.41 10.88 10.51 10.59 9.71 9.34 8.76 8.76 9.42 12.70 14.02 15.55 13.58 11.83 13.43 17.16 19.27 20.44 17.30 15.84 12.19 10.44 10.88 12.26 11.83 10.44 11.75 16.06 16.64 16.79 16.35 14.60 18.10 18.10 16.35 9.49 9.42 8.32 8.40 8.47 7.52 6.42 7.01 8.40 7.01 5.48 4.16 5.18 6.20 6.79 5.69 5.04 5.55 6.06 5.99 5.69 6.64 5.69 5.69 4.16 2.05 0.00 0.00 0.00 0.00 2.26 2.92 4.23 5.48 9.34 10.95 13.87 15.74 17.98 23.00 18.05 19.83 16.86 12.21 11.03 10.92 11.37
9.64 11.53 12.41 10.88 10.51 10.59 9.71 9.34 8.76 8.76 9.42 12.70 14.02 15.55 13.58 11.83 13.43 17.16 19.27 20.44 17.30 15.84 12.19 10.44 10.88 12.26 11.83 10.44 11.75 16.06 16.64 16.79 16.35 14.60 18.10 18.10 16.35 9.49 9.42 8.32 8.40 8.47 7.52 6.42 7.01 8.40 7.01 5.48 4.16 5.18 6.20 6.79 5.69 5.04 5.55 6.06 5.99 5.69 6.64 5.69 5.69 4.16 2.05 0.00 0.00 0.00 0.00 2.26 2.92 4.23 5.48 9.34 10.95 13.87 15.11 18.07 17.86 15.88 16.61 19.63 14.94 11.26 8.56 10.49
4.67 6.79 9.42 8.10 9.64 9.86 10.29 12.26 11.02 11.02 10.07 11.61 13.80 14.67 14.31 15.33 15.40 16.79 16.13 14.45 13.43 12.12 12.34 13.43 14.53 14.02 13.43 15.33 16.06 17.96 16.50 15.04 14.82 14.53 10.15 10.15 11.17 10.07 11.61 12.34 10.59 8.40 9.27 10.44 8.47 7.59 5.91 5.26 5.48 5.33 5.69 6.42 4.60 2.26 3.58 3.36 3.65 4.23 4.02 1.90 1.90 0.00 0.00 0.00 0.00 0.00 1.17 2.63 4.16 5.91 6.86 7.15 10.59 12.92 13.87 14.38 15.37 20.40 18.56 14.26 11.72 9.55 11.02 13.10
2.04 3.14 3.58 3.87 7.23 10.59 11.39 12.56 12.70 12.70 13.94 13.80 13.65 12.48 11.02 9.42 10.22 13.21 14.53 14.16 13.72 11.32 12.99 13.94 13.87 13.80 15.77 16.35 14.38 12.99 12.12 11.83 11.53 10.59 13.51 13.51 14.16 13.21 13.94 12.70 11.90 11.68 10.95 11.17 11.02 9.78 7.88 6.35 5.84 4.45 1.46 1.97 3.21 3.87 3.72 3.21 2.12 1.31 0.73 0.00 0.00 0.00 0.00 0.00 0.00 3.07 3.94 5.55 7.23 7.59 7.59 7.59 8.10 8.54 12.95 13.19 15.47 16.37 16.96 14.81 12.17 9.85 13.06 13.10
2.34 4.23 4.89 4.16 6.20 8.25 12.05 14.89 14.45 14.45 13.07 10.15 8.25 8.47 8.47 8.98 9.20 10.95 12.70 13.51 13.07 11.39 13.07 14.38 15.26 13.80 15.26 16.79 15.11 12.19 10.95 11.17 11.68 11.68 13.14 13.14 14.31 13.29 12.48 11.75 11.90 11.53 10.73 11.68 11.02 10.22 10.44 8.83 7.74 6.42 4.67 2.63 2.92 4.09 3.36 3.07 2.77 1.53 0.00 0.00 0.00 0.00 0.00 0.00 2.56 3.43 4.31 4.67 6.57 7.01 6.86 7.59 8.67 9.44 15.12 16.56 16.26 13.50 12.96 13.25 13.23 13.31 11.89 11.70
4.23 0.00 0.00 0.00 4.31 4.74 5.77 7.96 9.71 9.71 9.34 7.37 5.99 7.08 8.25 8.47 9.27 10.44 11.24 13.36 15.99 16.72 16.79 16.50 13.58 13.36 14.45 15.55 14.82 11.90 8.69 10.07 11.53 11.24 11.24 11.24 11.32 10.73 9.78 10.29 7.96 8.47 7.81 8.69 10.29 7.66 7.81 7.52 6.28 4.96 5.40 5.48 3.80 2.70 2.12 2.56 3.36 2.04 1.24 0.00 0.00 0.00 0.80 1.83 3.14 3.36 3.43 5.33 7.52 8.03 8.10 8.25 9.03 16.16 19.82 20.27 16.84 15.59 13.08 13.57 14.39 14.31 14.60 13.37
6.35 5.11 4.74 0.00 1.97 2.19 3.58 0.00 3.29 3.29 3.65 3.14 3.94 5.62 8.18 8.47 8.76 9.56 10.00 12.92 15.33 15.26 14.16 12.19 10.66 10.15 11.83 11.17 10.29 9.34 7.45 8.32 8.83 8.03 8.47 8.47 7.37 7.23 8.25 8.83 8.69 9.05 7.96 7.08 6.64 5.99 5.40 4.53 4.09 3.58 2.04 0.66 0.00 1.39 1.39 0.00 0.00 2.48 2.63 2.19 2.19 0.00 0.00 0.00 0.00 3.43 3.94 4.82 6.64 9.42 10.86 10.52 16.40 18.42 19.11 15.96 12.58 12.77 11.11 9.70 11.62 12.88 12.99 9.61
6.35 5.11 4.74 0.00 1.97 2.19 3.58 0.00 3.29 3.29 3.65 3.14 3.94 5.62 8.18 8.47 8.76 9.56 10.00 12.92 15.33 15.26 14.16 12.19 10.66 10.15 11.83 11.17 10.29 9.34 7.45 8.32 8.83 8.03 8.47 8.47 7.37 7.23 8.25 8.83 8.69 9.05 7.96 7.08 6.64 5.99 5.40 4.53 4.09 3.58 2.04 0.66 0.00 1.39 1.39 0.00 0.00 2.48 2.63 2.19 2.19 0.00 0.00 0.00 0.00 3.43 3.94 4.82 6.64 9.42 10.91 10.41 14.83 20.52 20.39 18.61 14.60 12.36 11.60 9.42 12.29 15.28 11.86 8.16
0.00 4.45 7.96 0.00 0.00 0.00 1.61 2.70 2.70 2.70 2.19 2.99 4.31 4.16 4.96 5.26 5.33 7.59 7.88 9.05 9.42 10.29 7.08 5.69 6.79 9.49 11.53 10.15 8.40 3.72 4.60 5.55 3.58 2.56 4.82 4.82 3.43 3.58 5.26 7.08 7.52 6.72 5.33 5.26 4.96 4.38 3.36 0.00 0.00 0.00 0.00 0.00 0.00 0.00 0.00 0.00 3.14 0.00 0.00 0.00 0.00 0.00 0.00 0.00 0.00 0.00 2.77 4.09 7.34 10.47 12.31 12.54 20.11 22.20 19.54 13.34 10.41 9.33 7.79 6.54 7.71 13.40 9.49 6.26
0.00 3.65 5.40 0.00 0.00 0.00 0.44 1.90 2.85 2.85 2.56 1.97 3.65 2.48 4.23 5.99 6.28 6.13 5.18 4.53 5.04 5.99 6.20 4.89 4.02 6.35 7.81 6.06 4.89 0.00 0.00 0.00 3.36 2.77 0.00 0.00 5.62 0.00 0.00 0.00 0.00 0.00 0.00 0.00 0.00 3.07 3.43 0.00 0.00 0.00 0.00 0.00 0.00 0.00 0.00 0.00 0.00 0.00 1.90 0.00 0.00 0.00 0.00 0.00 0.00 0.00 0.00 0.00 7.66 9.05 11.53 16.41 19.80 20.62 13.46 8.64 7.62 5.75 7.09 8.65 7.67 6.85 6.27 5.87
0.00 2.99 2.77 0.00 0.00 0.00 2.26 1.46 1.46 1.46 0.00 0.00 0.00 0.00 2.92 0.00 6.06 5.99 6.20 0.00 0.00 0.00 4.45 4.31 4.53 4.45 4.31 6.28 5.62 0.00 0.00 0.00 2.99 1.68 0.00 0.00 0.00 0.00 0.00 3.36 2.26 0.00 0.00 0.00 0.00 0.00 4.31 3.65 3.65 4.16 3.72 3.21 2.41 0.00 0.00 0.00 0.00 0.00 0.00 0.00 0.00 0.00 0.00 0.00 0.00 0.00 0.00 3.80 6.20 5.91 11.39 16.36 17.67 13.86 7.46 8.36 7.08 5.57 6.89 6.82 4.51 4.01 2.46 2.89
2.77 0.00 0.00 0.00 0.00 0.00 3.80 2.19 0.88 0.88 0.00 0.00 0.00 0.00 0.00 0.00 0.00 0.00 4.89 4.89 4.38 0.00 0.00 0.00 0.00 0.00 0.00 4.74 0.00 0.00 0.00 0.00 0.00 0.00 0.00 0.00 0.00 0.00 0.00 0.00 3.58 4.82 4.89 4.45 3.50 0.00 0.00 0.00 3.72 3.65 0.00 0.00 0.00 0.00 0.00 0.00 0.00 0.00 0.00 0.00 0.00 0.00 0.00 0.00 0.00 0.00 0.00 5.04 5.40 5.33 13.14 14.45 15.33 13.33 9.66 6.16 6.65 5.62 4.96 5.47 2.65 0.57 1.65 2.08
0.00 2.12 0.00 0.00 0.00 0.00 0.00 0.00 0.00 0.00 0.00 0.00 0.00 0.00 0.00 0.00 4.09 0.00 0.00 0.00 0.00 0.00 4.74 4.74 4.23 2.99 0.00 0.00 0.00 0.00 0.00 0.00 0.00 0.00 0.00 0.00 0.00 0.00 0.00 0.00 0.00 0.00 3.43 4.16 4.45 0.00 0.00 0.00 0.00 0.00 0.00 0.00 0.00 0.00 0.00 0.00 0.00 0.00 0.00 0.00 0.00 0.00 0.00 0.00 4.96 5.18 5.11 6.79 5.33 8.18 10.66 10.95 7.62 4.63 4.60 4.26 4.05 3.02 1.33 0.99 1.47 2.51 2.41 1.18
2.41 0.00 0.00 0.00 0.00 0.00 0.00 0.00 3.80 3.80 0.00 0.00 4.45 4.60 5.69 5.18 4.45 0.00 0.00 0.00 0.00 0.00 0.00 0.00 0.00 2.70 0.00 0.00 0.00 0.00 0.00 0.00 0.00 0.00 0.00 0.00 0.00 0.00 0.00 0.00 0.00 0.00 0.00 0.00 0.00 0.00 0.00 0.00 0.00 0.00 0.00 0.00 0.00 0.00 0.00 0.00 0.00 0.00 0.00 0.00 0.00 0.00 0.00 0.00 3.58 4.89 0.00 5.77 5.48 6.86 7.81 7.56 6.03 3.43 3.10 2.73 2.45 1.90 0.70 0.70 0.91 1.68 2.15 1.49
2.41 0.00 0.00 0.00 0.00 0.00 0.00 0.00 3.80 3.80 0.00 0.00 4.45 4.60 5.69 5.18 4.45 0.00 0.00 0.00 0.00 0.00 0.00 0.00 0.00 2.70 0.00 0.00 0.00 0.00 0.00 0.00 0.00 0.00 0.00 0.00 0.00 0.00 0.00 0.00 0.00 0.00 0.00 0.00 0.00 0.00 0.00 0.00 0.00 0.00 0.00 0.00 0.00 0.00 0.00 0.00 0.00 0.00 0.00 0.00 0.00 0.00 0.00 0.00 3.58 4.89 0.00 5.77 5.48 6.86 7.81 7.52 5.94 3.37 3.10 2.85 2.18 1.83 0.68 0.74 0.89 1.77 2.15 1.46
0.00 0.00 0.00 0.00 3.94 0.00 0.00 0.00 0.00 0.00 0.00 6.42 6.64 6.50 5.84 0.00 0.00 0.00 0.00 0.00 0.00 0.00 0.00 0.00 0.00 0.00 0.00 0.00 0.00 3.50 0.00 0.00 0.00 0.00 0.00 0.00 0.00 0.00 0.00 0.00 0.00 0.00 0.00 0.00 0.00 0.00 0.00 0.00 0.00 0.00 0.00 0.00 0.00 0.00 0.00 0.00 0.00 0.00 0.00 0.00 0.00 0.00 0.00 2.34 0.00 0.00 4.67 4.53 3.80 4.09 3.87 2.19 4.09 3.02 1.83 0.84 0.24 1.48 0.25 0.74 0.74 0.00 0.15 1.27
