ArcGIS/Extract_Mean_Calc_test/Data/1985001.txt
ncols 321
nrows 161
xllcenter 60
yllcenter 15 
cellsize  0.25 
NODATA_value -1
[rows 0 to 36 of 161, columns 0 to 83 of 321]
10.73 10.73 11.68 14.53 15.11 13.51 14.89 17.08 16.50 16.79 17.67 18.91 18.83 19.42 18.98 20.29 20.81 21.24 21.61 19.86 19.35 20.29 21.02 22.48 21.83 21.75 21.75 20.95 20.95 21.24 21.17 20.95 21.46 20.29 19.64 18.76 18.47 18.91 20.00 20.88 19.35 18.25 18.47 19.13 19.13 16.06 15.70 13.07 12.34 12.34 8.83 8.83 9.71 10.80 12.41 13.07 14.67 14.97 12.34 11.39 10.51 8.69 7.81 7.74 6.50 7.15 7.15 9.64 8.98 9.05 9.78 11.75 12.85 12.19 12.85 13.80 13.80 13.36 12.41 11.90 12.56 13.07 12.26 10.51
12.48 12.48 12.92 14.67 15.77 15.48 14.67 16.13 16.43 15.91 15.70 16.86 17.59 18.83 19.56 19.71 19.05 20.00 17.96 18.10 19.86 21.46 21.02 20.44 20.66 21.39 21.39 23.14 22.70 22.19 21.83 21.83 21.61 19.86 18.91 18.18 17.59 17.81 17.52 16.86 17.52 16.57 16.21 16.86 17.96 15.26 11.90 13.94 11.53 13.14 15.04 15.04 13.21 13.58 14.60 16.28 15.18 15.40 14.31 13.43 11.46 8.61 7.37 6.64 6.35 6.06 3.87 4.31 6.13 7.66 9.71 11.75 13.36 14.24 15.04 15.70 15.70 15.26 14.53 14.89 15.18 13.72 13.72 12.12
15.18 15.18 14.97 16.86 18.18 15.77 15.04 14.75 0.00 0.00 14.02 14.09 13.87 15.04 16.94 17.81 17.96 17.96 17.23 17.96 18.10 18.32 18.32 16.64 17.23 19.20 19.20 21.10 21.53 22.05 20.81 20.88 19.64 18.32 17.59 16.94 17.37 17.23 14.82 13.36 12.34 11.39 11.53 11.32 11.97 12.12 11.17 12.34 11.68 11.02 10.59 10.59 10.37 10.15 11.39 10.29 12.12 12.48 11.97 11.83 10.51 10.22 8.76 7.37 5.55 6.13 5.55 5.99 7.96 9.05 10.95 12.63 13.58 14.60 15.26 14.53 14.53 13.07 11.83 11.46 11.90 11.83 11.97 10.29
15.18 15.18 14.97 16.86 18.18 15.77 15.04 14.75 0.00 0.00 14.02 14.09 13.87 15.04 16.94 17.81 17.96 17.96 17.23 17.96 18.10 18.32 18.32 16.64 17.23 19.20 19.20 21.10 21.53 22.05 20.81 20.88 19.64 18.32 17.59 16.94 17.37 17.23 14.82 13.36 12.34 11.39 11.53 11.32 11.97 12.12 11.17 12.34 11.68 11.02 10.59 10.59 10.37 10.15 11.39 10.29 12.12 12.48 11.97 11.83 10.51 10.22 8.76 7.37 5.55 6.13 5.55 5.99 7.96 9.05 10.95 12.63 13.58 14.60 15.26 14.53 14.53 13.07 11.83 11.46 11.90 11.83 11.97 10.29
15.04 15.04 15.04 15.77 14.31 14.38 13.94 12.85 13.80 13.72 12.12 13.29 13.21 13.87 14.24 15.84 16.50 15.18 15.04 15.62 16.57 15.11 13.58 14.82 15.91 17.45 17.45 18.40 18.83 18.83 19.13 19.05 18.61 17.52 14.97 14.97 13.87 10.66 9.05 10.37 9.78 10.44 9.93 7.66 8.83 9.34 10.22 6.57 7.74 7.37 6.20 6.20 5.26 6.20 8.18 9.27 10.66 12.41 13.51 13.80 13.29 13.58 13.14 11.68 10.29 9.78 10.95 12.19 11.24 13.36 12.99 14.97 15.11 13.94 12.34 13.43 13.43 12.56 13.07 13.21 11.68 9.86 10.80 10.07
14.45 14.45 11.68 10.66 12.26 14.53 15.48 15.70 14.82 12.92 11.90 0.00 0.00 13.87 12.48 11.83 11.75 10.73 9.71 10.29 9.42 11.32 12.56 12.56 14.09 14.16 14.16 14.53 14.45 13.51 14.82 16.86 16.94 15.48 14.16 14.24 9.42 7.74 8.32 7.37 9.34 10.22 9.20 8.69 10.66 10.07 8.76 9.13 9.13 9.34 8.40 8.40 7.23 8.40 10.44 11.75 12.19 13.72 13.94 14.60 14.67 15.48 15.11 13.51 13.72 11.90 12.78 14.75 11.97 11.46 11.02 11.83 13.21 13.36 13.72 14.09 14.09 14.24 15.91 16.79 14.45 14.31 13.36 16.79
12.70 12.70 11.90 12.26 14.31 16.43 15.70 14.97 15.04 14.67 15.91 12.85 10.51 8.76 8.54 8.54 8.61 8.76 8.61 8.83 8.47 8.32 7.88 10.07 10.29 10.29 10.29 10.29 8.76 11.46 14.75 15.70 15.77 14.38 15.33 13.58 10.73 10.22 9.49 10.73 11.10 11.10 11.24 10.73 11.02 11.83 12.70 13.29 12.85 13.58 14.16 14.16 11.24 11.61 12.99 13.87 13.21 13.43 13.80 14.38 15.26 16.06 16.57 16.28 15.18 13.51 12.12 11.90 10.29 10.51 11.24 14.09 14.67 15.40 16.79 17.37 17.37 18.18 19.35 19.27 20.00 18.54 16.28 15.40
12.70 12.70 11.90 12.26 14.31 16.43 15.70 14.97 15.04 14.67 15.91 12.85 10.51 8.76 8.54 8.54 8.61 8.76 8.61 8.83 8.47 8.32 7.88 10.07 10.29 10.29 10.29 10.29 8.76 11.46 14.75 15.70 15.77 14.38 15.33 13.58 10.73 10.22 9.49 10.73 11.10 11.10 11.24 10.73 11.02 11.83 12.70 13.29 12.85 13.58 14.16 14.16 11.24 11.61 12.99 13.87 13.21 13.43 13.80 14.38 15.26 16.06 16.57 16.28 15.18 13.51 12.12 11.90 10.29 10.51 11.24 14.09 14.67 15.40 16.79 17.37 17.37 18.18 19.35 19.27 20.00 18.54 16.28 15.40
15.04 15.04 15.33 13.51 13.94 12.63 11.75 13.36 14.31 14.45 12.34 10.22 8.98 8.69 9.13 9.86 8.98 6.86 6.35 8.10 9.42 6.79 6.06 7.08 5.48 4.16 4.16 5.04 6.86 10.22 12.99 13.14 13.51 13.14 12.78 11.17 9.78 10.44 12.63 11.39 9.71 11.24 12.05 13.36 10.95 11.24 12.41 12.26 12.12 12.34 11.53 11.53 11.53 11.39 13.72 15.40 16.72 14.38 14.53 14.60 14.82 14.38 14.45 13.51 12.78 13.07 14.09 15.26 14.02 14.09 15.55 15.91 15.62 15.18 16.28 15.77 15.77 14.24 11.90 16.72 18.91 14.45 13.14 12.70
15.84 15.84 15.48 14.24 13.43 12.34 12.48 13.51 13.87 13.43 13.58 12.48 8.98 8.91 9.42 9.20 7.96 5.99 6.94 6.13 5.40 4.60 3.21 3.72 4.02 4.45 4.45 4.96 6.94 8.98 8.83 9.56 10.73 11.17 10.73 10.88 10.59 12.05 12.12 11.75 11.97 11.39 11.10 8.69 9.71 11.97 12.99 13.21 11.90 11.97 11.24 11.24 11.02 11.61 12.26 13.94 14.67 12.99 14.02 16.28 16.13 16.28 16.57 16.79 15.48 14.02 13.87 14.31 15.26 15.11 15.48 15.62 13.94 12.41 11.90 13.14 13.14 12.05 10.80 9.64 13.36 15.11 14.75 14.97
12.19 12.19 12.48 12.26 10.88 9.71 9.34 11.97 12.70 14.67 14.60 13.51 10.37 8.69 8.83 8.98 8.40 9.05 8.83 5.99 5.62 5.18 5.77 5.48 6.06 5.55 5.55 6.86 7.96 6.57 5.69 6.72 7.81 7.01 7.23 8.54 9.71 9.93 10.00 7.52 8.98 10.88 9.42 10.95 11.32 12.26 11.90 12.19 11.46 12.85 12.41 12.41 12.99 12.85 12.19 13.07 12.78 13.94 14.75 16.13 14.82 15.18 14.82 15.48 14.67 12.99 11.32 12.05 14.97 14.53 14.38 14.82 14.24 13.87 13.07 12.34 12.34 15.48 15.62 14.38 14.38 15.70 16.35 16.72
12.19 12.19 12.48 12.26 10.88 9.71 9.34 11.97 12.70 14.67 14.60 13.51 10.37 8.69 8.83 8.98 8.40 9.05 8.83 5.99 5.62 5.18 5.77 5.48 6.06 5.55 5.55 6.86 7.96 6.57 5.69 6.72 7.81 7.01 7.23 8.54 9.71 9.93 10.00 7.52 8.98 10.88 9.42 10.95 11.32 12.26 11.90 12.19 11.46 12.85 12.41 12.41 12.99 12.85 12.19 13.07 12.78 13.94 14.75 16.13 14.82 15.18 14.82 15.48 14.67 12.99 11.32 12.05 14.97 14.53 14.38 14.82 14.24 13.87 13.07 12.34 12.34 15.48 15.62 14.38 14.38 15.70 16.35 16.72
11.46 11.46 10.95 10.59 9.78 8.54 9.56 11.68 14.09 16.50 16.94 14.89 14.16 11.24 8.91 7.52 9.13 9.27 10.44 9.42 8.98 8.32 8.76 9.49 11.68 13.07 13.07 13.72 12.85 9.27 9.20 9.86 10.66 9.56 10.07 11.24 12.19 13.72 15.18 15.55 14.24 13.29 13.94 16.06 15.99 16.21 14.53 13.36 12.63 11.75 11.75 11.75 12.19 10.73 9.42 9.56 10.29 11.32 9.49 9.86 9.34 8.61 8.25 9.49 11.32 12.26 9.86 10.59 13.36 18.54 18.25 16.28 14.53 13.36 12.12 11.75 11.75 12.78 13.87 15.40 17.59 14.16 10.15 11.17
12.41 12.41 9.13 8.10 6.13 4.60 8.18 12.05 14.75 15.70 16.43 16.50 14.16 13.87 12.85 13.80 13.72 13.58 13.80 13.58 13.14 12.99 12.05 11.83 11.61 9.93 9.93 8.91 8.18 7.45 7.37 7.59 7.59 7.45 8.25 10.66 12.34 13.21 12.05 9.56 14.97 11.32 12.63 12.78 13.36 13.29 12.85 10.95 10.73 11.10 12.70 12.70 12.12 10.95 10.95 11.61 12.34 11.32 9.64 8.83 7.74 4.67 3.29 4.45 7.23 9.27 11.39 10.51 10.29 13.65 15.62 16.13 16.94 16.35 12.99 11.68 11.68 11.32 10.88 12.56 12.78 11.17 10.88 11.46
9.86 9.86 8.25 8.47 7.37 7.30 9.05 11.83 12.63 12.63 14.02 14.97 16.13 16.94 17.01 16.50 14.89 12.99 14.38 15.11 14.38 13.36 11.24 11.53 9.93 8.18 8.18 7.45 7.74 8.76 10.07 8.83 8.83 10.15 10.51 11.61 10.80 9.56 10.44 11.53 10.51 10.29 9.71 11.90 11.83 12.05 12.78 11.61 11.97 12.26 11.97 11.97 9.56 7.30 9.64 11.39 11.32 9.86 8.61 9.71 9.34 6.72 5.77 5.77 5.99 5.26 7.23 8.54 9.05 10.51 12.99 15.99 17.08 15.91 14.75 14.02 14.02 12.56 10.80 12.05 11.75 9.05 11.68 12.05
10.66 10.66 8.83 10.88 10.66 11.39 13.29 16.06 17.59 15.77 15.62 16.64 18.18 16.43 13.87 13.14 13.14 12.85 14.09 15.18 13.94 14.45 14.89 13.36 9.56 8.83 8.83 9.86 9.13 10.73 11.10 11.90 12.34 13.21 11.90 10.51 9.86 9.56 8.69 9.13 9.20 10.29 11.32 13.43 13.29 13.36 14.45 13.14 13.43 13.14 11.17 11.17 11.24 10.95 10.29 10.51 9.56 10.59 10.59 11.02 9.34 6.94 5.84 5.04 5.48 5.77 6.50 8.69 9.27 9.27 10.66 12.34 14.24 15.26 17.08 15.11 15.11 16.06 16.28 14.02 11.24 11.17 12.48 9.64
10.66 10.66 8.83 10.88 10.66 11.39 13.29 16.06 17.59 15.77 15.62 16.64 18.18 16.43 13.87 13.14 13.14 12.85 14.09 15.18 13.94 14.45 14.89 13.36 9.56 8.83 8.83 9.86 9.13 10.73 11.10 11.90 12.34 13.21 11.90 10.51 9.86 9.56 8.69 9.13 9.20 10.29 11.32 13.43 13.29 13.36 14.45 13.14 13.43 13.14 11.17 11.17 11.24 10.95 10.29 10.51 9.56 10.59 10.59 11.02 9.34 6.94 5.84 5.04 5.48 5.77 6.50 8.69 9.27 9.27 10.66 12.34 14.24 15.26 17.08 15.11 15.11 16.06 16.28 14.02 11.24 11.17 12.48 9.64
10.07 10.07 9.71 10.29 10.95 10.80 11.68 13.14 14.45 14.89 15.40 15.70 14.97 16.50 15.70 14.45 13.29 13.36 11.17 12.41 12.92 14.09 13.94 11.68 9.71 9.27 9.27 8.25 7.08 8.47 10.44 14.09 15.04 16.28 15.91 12.56 11.24 12.99 12.41 12.34 12.70 10.88 10.80 11.02 11.39 12.41 13.58 12.85 13.21 13.36 12.99 12.99 14.31 14.75 12.05 10.95 10.73 11.10 10.51 9.56 8.03 6.50 6.35 6.28 5.91 6.64 7.23 7.45 4.23 3.14 4.23 5.18 9.78 13.51 13.58 14.89 14.89 13.87 13.29 11.46 12.41 15.55 13.80 10.37
6.72 6.72 5.33 4.45 4.16 7.15 5.99 6.72 8.32 9.20 9.64 7.59 8.54 10.80 9.56 11.39 10.59 9.93 9.64 9.05 7.23 7.81 6.79 6.64 7.66 8.76 8.76 9.56 10.29 10.51 9.78 10.51 14.53 16.57 14.67 11.39 12.12 11.68 7.74 10.07 10.15 7.96 8.32 10.37 11.97 14.24 14.45 14.53 13.80 11.97 13.87 13.87 14.09 13.29 12.12 10.73 10.22 10.07 7.37 7.08 8.18 9.27 9.13 8.54 6.57 5.11 4.67 3.58 3.14 4.23 5.18 4.89 4.82 8.54 8.83 10.15 10.15 10.59 9.56 8.32 7.81 11.39 11.75 10.88
0.00 0.00 0.00 0.00 0.00 0.00 5.11 5.40 5.55 6.06 6.86 9.13 12.70 12.63 10.22 7.96 7.23 5.91 5.55 6.28 6.13 5.84 4.38 4.02 5.11 6.94 6.94 9.71 11.97 11.02 9.13 7.37 8.25 8.40 7.37 2.70 5.18 5.62 5.55 6.79 9.86 12.99 13.14 14.67 15.84 14.53 14.45 14.38 14.97 13.94 14.45 14.45 15.70 14.82 13.87 13.51 13.21 12.70 11.75 11.75 12.05 12.56 11.90 10.66 10.51 9.64 8.10 6.20 4.02 4.82 4.74 6.20 5.26 1.17 0.00 6.72 6.72 9.42 8.18 7.96 9.34 11.24 11.10 9.56
0.00 0.00 0.00 0.00 4.23 4.96 5.91 5.84 7.15 8.25 8.83 10.37 11.24 9.42 5.04 2.99 2.85 2.70 3.29 3.58 5.26 4.82 5.26 5.91 6.64 6.28 6.28 8.10 9.34 7.74 8.32 7.45 5.77 5.62 5.40 0.00 0.00 5.11 4.53 5.04 7.66 9.05 10.07 11.75 14.31 15.55 14.89 15.33 13.43 10.80 10.22 10.22 10.07 11.53 13.29 13.72 12.92 14.45 16.13 16.86 16.35 15.55 14.09 13.43 11.53 10.15 9.93 11.17 10.66 6.72 4.45 4.96 4.96 2.63 1.83 0.00 0.00 5.48 7.37 9.27 10.51 11.02 11.02 9.71
0.00 0.00 0.00 5.77 4.38 4.45 5.77 7.01 7.88 8.47 7.15 4.74 2.92 3.72 2.48 1.46 1.75 2.92 1.83 3.36 4.67 4.60 4.09 5.55 5.77 5.11 5.11 5.69 5.18 6.50 6.35 5.84 5.62 4.09 3.65 4.67 0.00 4.67 5.26 4.96 5.18 6.50 5.91 5.40 5.77 9.20 10.22 8.83 9.49 8.54 7.30 7.30 7.52 10.00 12.63 13.21 12.78 12.99 14.02 14.24 11.53 10.44 11.83 11.10 10.88 9.78 10.95 12.78 10.22 4.96 4.60 4.89 3.80 3.29 2.19 4.09 4.09 5.62 7.74 8.69 10.15 8.69 8.91 10.44
0.00 0.00 0.00 5.77 4.38 4.45 5.77 7.01 7.88 8.47 7.15 4.74 2.92 3.72 2.48 1.46 1.75 2.92 1.83 3.36 4.67 4.60 4.09 5.55 5.77 5.11 5.11 5.69 5.18 6.50 6.35 5.84 5.62 4.09 3.65 4.67 0.00 4.67 5.26 4.96 5.18 6.50 5.91 5.40 5.77 9.20 10.22 8.83 9.49 8.54 7.30 7.30 7.52 10.00 12.63 13.21 12.78 12.99 14.02 14.24 11.53 10.44 11.83 11.10 10.88 9.78 10.95 12.78 10.22 4.96 4.60 4.89 3.80 3.29 2.19 4.09 4.09 5.62 7.74 8.69 10.15 8.69 8.91 10.44
3.80 3.80 4.02 3.21 0.00 3.58 4.96 5.84 6.72 5.55 4.67 3.80 2.70 2.34 1.97 1.53 2.41 3.72 3.87 4.38 4.23 3.65 3.80 4.60 4.31 0.00 0.00 5.91 7.30 8.69 8.32 6.72 4.16 0.00 1.97 0.00 4.89 4.38 4.38 6.06 7.15 6.57 7.01 6.13 5.40 5.69 6.79 6.28 8.98 11.68 10.88 10.88 11.39 13.29 15.18 15.48 14.45 13.65 12.85 12.85 11.61 10.73 11.17 11.24 12.19 12.78 12.48 12.56 10.59 5.40 4.38 3.80 3.58 4.38 5.04 4.89 4.89 5.26 5.18 5.84 6.28 7.52 8.03 8.98
5.40 5.40 3.80 3.94 5.18 4.31 4.02 4.09 2.99 2.41 2.70 5.62 4.96 2.48 1.53 2.77 3.29 4.82 5.04 6.79 6.57 4.67 5.04 5.40 4.82 0.00 0.00 5.99 9.78 10.44 9.13 6.13 0.00 0.00 3.58 4.82 6.13 4.02 5.33 7.08 8.25 6.79 6.64 8.54 8.18 7.74 7.74 9.56 12.12 14.75 14.45 14.45 13.07 14.60 15.48 15.11 13.72 13.65 13.21 13.43 13.36 13.80 13.72 13.14 12.63 13.21 14.02 15.70 13.94 10.07 7.88 7.88 8.54 12.05 10.88 6.50 6.50 4.16 5.11 5.26 6.79 6.64 7.59 9.20
4.96 4.96 4.31 0.00 0.00 0.00 1.97 2.48 2.26 1.24 0.95 1.39 3.14 2.56 1.68 2.92 2.12 3.50 3.21 3.58 5.18 4.96 5.84 5.69 4.96 6.72 6.72 7.45 7.15 0.00 6.64 0.00 0.00 6.35 6.64 5.77 5.55 6.94 7.30 6.64 6.42 7.08 7.59 9.05 8.83 7.52 0.00 8.83 11.32 14.09 14.89 14.89 14.97 15.40 15.84 14.89 15.04 15.70 13.14 14.60 16.79 16.94 16.35 15.48 14.60 14.75 16.28 17.23 16.57 14.67 11.97 13.43 15.77 14.89 13.94 11.32 11.32 8.40 6.06 5.04 5.69 7.74 8.91 9.78
4.02 4.02 5.91 2.92 1.24 0.00 0.95 1.75 0.00 0.00 0.00 0.00 0.00 0.29 0.73 1.17 1.39 1.90 1.90 2.56 3.58 4.16 5.40 4.38 0.00 0.00 0.00 6.86 7.01 3.72 0.00 0.00 0.00 7.74 8.61 8.91 7.59 6.50 8.76 0.00 0.00 5.99 7.30 7.08 5.91 4.89 5.69 7.23 8.61 11.90 15.26 15.26 13.80 14.09 13.87 14.38 15.77 14.45 14.24 14.89 14.89 12.70 13.51 13.21 12.34 14.16 13.65 15.62 16.28 9.42 9.49 11.53 14.24 14.67 12.99 13.80 13.80 11.53 8.76 6.20 6.94 8.98 10.88 12.26
0.00 0.00 0.00 0.00 1.02 0.15 0.00 0.00 0.00 0.00 0.00 0.00 0.00 0.00 0.00 0.00 0.00 0.00 1.02 0.00 0.00 0.00 0.00 0.00 0.00 7.15 7.15 9.56 7.52 0.00 5.33 5.62 5.40 5.77 8.18 9.34 9.05 8.03 6.35 5.33 0.00 4.74 6.28 6.50 5.91 7.08 6.57 8.18 10.44 13.21 13.29 13.29 11.75 11.10 11.10 12.70 14.24 14.53 14.60 13.36 11.97 9.13 10.88 10.44 10.51 12.63 14.16 17.81 14.97 11.32 7.30 6.79 10.51 12.48 12.70 14.24 14.24 13.87 11.90 10.80 12.19 12.48 11.75 11.90
0.00 0.00 0.00 0.00 1.02 0.15 0.00 0.00 0.00 0.00 0.00 0.00 0.00 0.00 0.00 0.00 0.00 0.00 1.02 0.00 0.00 0.00 0.00 0.00 0.00 7.15 7.15 9.56 7.52 0.00 5.33 5.62 5.40 5.77 8.18 9.34 9.05 8.03 6.35 5.33 0.00 4.74 6.28 6.50 5.91 7.08 6.57 8.18 10.44 13.21 13.29 13.29 11.75 11.10 11.10 12.70 14.24 14.53 14.60 13.36 11.97 9.13 10.88 10.44 10.51 12.63 14.16 17.81 14.97 11.32 7.30 6.79 10.51 12.48 12.70 14.24 14.24 13.87 11.90 10.80 12.19 12.48 11.75 11.90
0.00 0.00 0.00 0.00 0.00 0.00 0.00 0.00 0.00 0.00 0.00 0.00 0.00 0.00 0.00 0.00 0.00 0.00 0.00 0.00 0.00 0.00 0.00 0.00 0.00 3.94 3.94 3.14 0.00 0.00 5.48 4.09 5.04 5.55 5.55 5.62 5.40 4.96 0.00 3.21 0.00 0.00 5.40 4.89 5.62 8.76 11.02 12.05 12.99 15.33 14.02 14.02 12.19 11.39 12.34 12.56 12.63 13.07 14.60 13.80 10.51 7.52 6.64 6.94 7.23 8.32 11.17 15.48 13.07 11.97 9.42 7.45 6.94 7.66 11.68 14.89 14.89 16.35 15.18 13.80 12.63 12.85 12.85 14.24
0.00 0.00 0.00 0.00 0.00 0.00 0.00 0.00 0.00 0.00 0.00 0.00 0.00 0.00 0.00 0.00 0.00 0.00 0.00 0.00 0.00 0.00 0.00 0.00 0.00 0.00 0.00 2.99 0.00 1.53 2.26 0.00 3.14 3.65 3.21 0.00 0.00 0.00 0.00 0.00 3.87 4.60 4.96 5.69 8.47 12.48 13.43 15.11 16.79 17.52 17.67 17.67 15.77 14.02 13.43 11.46 8.40 8.10 9.49 9.93 7.66 5.18 0.00 4.96 6.35 7.23 8.25 8.83 8.98 8.83 8.69 6.50 3.36 2.85 6.28 9.42 9.42 11.83 14.82 15.18 14.09 13.21 11.75 12.12
0.00 0.00 0.00 0.00 0.00 0.00 0.00 0.00 0.00 0.00 0.00 0.00 0.00 0.00 0.00 0.00 0.00 0.00 0.00 0.00 0.00 0.00 0.00 0.00 0.00 0.00 0.00 0.00 0.00 0.00 3.94 2.63 2.04 0.00 0.00 0.95 0.00 1.83 3.65 2.99 3.21 2.77 3.36 3.07 5.84 10.44 12.85 13.87 11.53 11.24 12.63 12.63 12.56 8.54 4.96 4.16 2.85 4.31 4.45 3.58 4.74 4.60 4.67 5.11 4.74 5.33 6.50 6.20 9.34 11.39 11.24 12.34 12.34 10.15 5.69 3.94 3.94 3.50 7.74 12.26 15.55 16.21 13.80 11.68
0.00 0.00 0.00 0.00 0.00 0.00 0.00 0.00 0.00 0.00 0.00 0.00 0.00 0.00 0.00 0.00 0.00 0.00 0.00 0.00 0.00 0.00 0.00 0.00 0.00 0.00 0.00 0.00 0.00 0.00 0.00 0.00 0.00 0.00 0.00 0.00 0.00 0.00 0.00 3.14 2.41 1.83 3.14 2.48 0.00 2.04 2.34 3.72 4.89 4.96 6.06 6.06 5.04 1.39 0.00 2.48 2.04 3.21 2.77 1.68 3.43 5.18 4.67 4.31 3.72 3.58 4.82 5.33 8.10 7.59 6.86 9.27 11.10 11.02 5.99 0.00 0.00 0.00 0.00 3.58 7.08 12.70 15.62 17.08
0.00 0.00 0.00 0.00 0.00 0.00 0.00 0.00 0.00 0.00 0.00 0.00 0.00 0.00 0.00 0.00 0.00 0.00 0.00 0.00 0.00 0.00 0.00 0.00 0.00 0.00 0.00 0.00 0.00 0.00 0.00 0.00 0.00 0.00 0.00 0.00 0.00 0.00 2.99 2.12 1.97 2.12 2.41 2.92 2.41 0.95 1.39 3.07 2.56 0.00 0.44 0.44 0.00 0.88 1.61 2.19 1.31 0.00 0.00 0.00 0.00 0.00 0.00 0.00 0.00 0.00 0.00 0.00 0.00 0.00 0.00 0.00 0.00 0.00 0.00 0.00 0.00 0.00 4.45 4.38 2.63 3.07 5.77 9.27
0.00 0.00 0.00 0.00 0.00 0.00 0.00 0.00 0.00 0.00 0.00 0.00 0.00 0.00 0.00 0.00 0.00 0.00 0.00 0.00 0.00 0.00 0.00 0.00 0.00 0.00 0.00 0.00 0.00 0.00 0.00 0.00 0.00 0.00 0.00 0.00 0.95 0.44 1.97 2.26 2.34 2.19 1.68 3.29 3.14 2.48 2.41 3.07 2.77 2.41 1.46 1.46 1.39 0.00 0.00 0.00 0.00 0.00 0.00 0.00 0.00 0.00 0.00 0.00 0.00 0.00 0.00 0.00 0.00 0.00 0.00 0.00 0.00 0.00 0.00 0.00 0.00 4.82 7.74 7.23 4.31 4.23 3.87 0.00
0.00 0.00 0.00 0.00 0.00 0.00 0.00 0.00 0.00 0.00 0.00 0.00 0.00 0.00 0.00 0.00 0.00 0.00 0.00 0.00 0.00 0.00 0.00 0.00 0.00 0.00 0.00 0.00 0.00 0.00 0.00 0.00 0.00 0.00 0.00 0.00 0.95 0.44 1.97 2.26 2.34 2.19 1.68 3.29 3.14 2.48 2.41 3.07 2.77 2.41 1.46 1.46 1.39 0.00 0.00 0.00 0.00 0.00 0.00 0.00 0.00 0.00 0.00 0.00 0.00 0.00 0.00 0.00 0.00 0.00 0.00 0.00 0.00 0.00 0.00 0.00 0.00 4.82 7.74 7.23 4.31 4.23 3.87 0.00
0.00 0.00 0.00 0.00 0.00 0.00 0.00 0.00 0.00 0.00 0.00 0.00 0.00 0.00 0.00 0.00 0.00 0.00 0.00 0.00 0.00 0.00 0.00 0.00 0.00 0.00 0.00 0.00 0.00 0.00 0.00 0.00 0.00 0.00 0.00 0.00 0.00 0.00 0.00 0.58 0.88 1.24 1.24 2.48 2.56 1.68 2.41 2.41 1.97 0.00 0.00 0.00 3.14 0.00 0.00 0.00 0.00 0.00 0.00 0.00 0.00 0.00 0.00 0.00 0.00 0.00 0.00 0.00 0.00 0.00 0.00 0.00 3.07 2.12 3.50 5.26 5.26 6.94 7.96 5.48 6.64 6.06 6.94 5.48
