ArcGIS/Extract_Mean_Calc_test/Data/1985002.txt
ncols 321
nrows 161
xllcenter 60
yllcenter 15 
cellsize  0.25 
NODATA_value -1
[rows 0 to 36 of 161, columns 0 to 83 of 321]
10.73 10.73 11.68 14.53 15.11 13.51 14.89 17.08 16.50 16.79 17.67 18.91 18.83 19.42 18.98 20.29 20.81 21.24 21.61 19.86 19.35 20.29 21.02 22.48 21.83 21.75 21.75 20.95 20.95 21.24 21.17 20.95 21.53 22.85 21.61 20.15 20.00 20.81 20.51 20.95 20.88 20.22 19.27 18.91 17.37 16.43 16.35 14.97 12.19 10.22 9.20 9.20 10.29 11.53 13.43 14.67 16.13 16.50 15.33 13.14 11.39 10.07 10.80 10.80 10.95 10.66 10.37 10.37 11.75 12.12 13.21 14.60 16.35 16.79 17.30 18.18 18.18 20.00 18.32 15.91 14.31 13.07 12.26 10.51
12.48 12.48 12.92 14.67 15.77 15.48 14.67 16.13 16.43 15.91 15.70 16.86 17.59 18.83 19.56 19.71 19.05 20.00 17.96 18.10 19.86 21.46 21.02 20.44 20.66 21.39 21.39 23.14 22.70 22.19 21.83 22.12 21.53 20.51 20.22 18.76 18.69 20.15 19.05 19.35 18.83 17.59 16.21 16.57 16.57 15.48 14.38 14.45 13.65 13.80 14.75 14.75 14.53 15.26 16.57 16.28 16.72 17.52 18.76 17.23 14.24 13.07 12.56 11.02 10.44 10.59 9.49 9.05 9.13 8.76 12.26 14.02 15.91 16.72 18.25 19.27 19.27 19.71 20.37 19.35 15.18 13.72 13.72 12.12
15.18 15.18 14.97 16.86 18.18 15.77 15.04 14.75 0.00 0.00 14.02 14.09 13.87 15.04 16.94 17.81 17.96 17.96 17.23 17.96 18.10 18.32 18.32 16.64 17.23 19.20 19.20 21.10 21.53 22.05 20.81 20.22 20.51 20.59 20.15 18.54 17.30 15.99 14.82 13.51 12.48 11.75 11.32 12.19 12.48 13.21 13.14 14.89 15.70 15.91 15.18 15.18 13.58 13.94 14.67 15.18 15.40 14.38 15.91 15.99 15.62 15.77 14.09 11.68 10.51 10.51 11.75 11.39 12.48 13.80 15.70 17.16 18.10 17.74 17.89 18.10 18.10 17.89 18.98 11.46 11.90 11.83 11.97 10.29
15.18 15.18 14.97 16.86 18.18 15.77 15.04 14.75 0.00 0.00 14.02 14.09 13.87 15.04 16.94 17.81 17.96 17.96 17.23 17.96 18.10 18.32 18.32 16.64 17.23 19.20 19.20 21.10 21.53 22.05 20.81 20.22 20.51 20.59 20.15 18.54 17.30 15.99 14.82 13.51 12.48 11.75 11.32 12.19 12.48 13.21 13.14 14.89 15.70 15.91 15.18 15.18 13.58 13.94 14.67 15.18 15.40 14.38 15.91 15.99 15.62 15.77 14.09 11.68 10.51 10.51 11.75 11.39 12.48 13.80 15.70 17.16 18.10 17.74 17.89 18.10 18.10 17.89 18.98 11.46 11.90 11.83 11.97 10.29
15.04 15.04 15.04 15.77 14.31 14.38 13.94 12.85 13.80 13.72 12.12 13.29 13.21 13.87 14.24 15.84 16.50 15.18 15.04 15.62 16.57 15.11 13.58 14.82 15.91 17.45 17.45 18.40 18.83 18.83 18.10 19.35 18.47 18.54 17.01 16.35 14.24 11.75 10.15 10.51 10.29 10.51 10.59 10.80 11.75 10.44 10.73 9.64 10.37 10.88 10.59 10.59 10.00 11.32 13.72 14.53 14.82 14.82 15.48 16.06 16.50 16.72 15.99 15.04 14.75 14.89 14.75 14.75 16.06 15.70 15.91 16.35 16.50 16.06 16.86 17.67 17.67 17.16 13.07 13.21 11.68 9.86 10.80 10.07
14.45 14.45 11.68 10.66 12.26 14.53 15.48 15.70 14.82 12.92 11.90 0.00 0.00 13.87 12.48 11.83 11.75 10.73 9.71 10.29 9.42 11.32 12.56 12.56 14.09 14.16 14.16 14.53 14.45 13.21 14.82 16.64 18.69 16.86 15.04 14.02 11.68 8.47 5.40 6.28 8.61 10.07 10.07 10.37 10.88 12.26 11.39 9.34 10.59 12.41 12.26 12.26 10.15 11.17 14.16 14.53 15.11 15.99 16.72 16.35 16.35 15.84 16.79 18.25 16.57 15.40 15.04 16.28 14.75 13.51 15.33 14.75 14.45 15.62 14.97 16.13 16.13 14.24 15.91 16.79 14.45 14.31 13.36 16.79
12.70 12.70 11.90 12.26 14.31 16.43 15.70 14.97 15.04 14.67 15.91 12.85 10.51 8.76 8.54 8.54 8.61 8.76 8.61 8.83 8.47 8.32 7.88 10.07 10.29 10.29 10.29 10.29 8.76 14.02 15.70 16.64 16.35 15.48 14.75 12.78 10.22 9.34 10.59 10.80 10.80 11.46 13.21 11.75 12.70 13.72 14.75 14.67 14.45 15.62 15.04 15.04 12.26 12.26 14.89 18.40 16.79 17.52 17.74 18.40 17.37 17.08 17.81 16.50 15.91 15.33 15.77 15.84 14.09 11.53 12.26 15.70 16.43 17.37 15.91 17.37 17.37 18.18 19.35 19.27 20.00 18.54 16.28 15.40
12.70 12.70 11.90 12.26 14.31 16.43 15.70 14.97 15.04 14.67 15.91 12.85 10.51 8.76 8.54 8.54 8.61 8.76 8.61 8.83 8.47 8.32 7.88 10.07 10.29 10.29 10.29 10.29 8.76 14.02 15.70 16.64 16.35 15.48 14.75 12.78 10.22 9.34 10.59 10.80 10.80 11.46 13.21 11.75 12.70 13.72 14.75 14.67 14.45 15.62 15.04 15.04 12.26 12.26 14.89 18.40 16.79 17.52 17.74 18.40 17.37 17.08 17.81 16.50 15.91 15.33 15.77 15.84 14.09 11.53 12.26 15.70 16.43 17.37 15.91 17.37 17.37 18.18 19.35 19.27 20.00 18.54 16.28 15.40
15.04 15.04 15.33 13.51 13.94 12.63 11.75 13.36 14.31 14.45 12.34 10.22 8.98 8.69 9.13 9.86 8.98 6.86 6.35 8.10 9.42 6.79 6.06 7.08 5.48 4.16 4.16 5.04 8.69 11.39 13.14 14.02 14.24 12.70 12.70 11.10 9.42 10.66 10.29 10.00 10.07 10.29 12.41 12.19 13.36 14.38 14.82 14.67 15.40 14.82 13.94 13.94 12.19 13.36 15.55 15.91 16.72 17.37 16.79 17.45 17.59 16.64 15.77 15.70 15.48 15.84 16.94 16.72 16.86 14.75 16.13 17.16 15.04 15.04 16.79 15.77 15.77 14.24 11.90 16.72 18.91 14.45 13.14 12.70
15.84 15.84 15.48 14.24 13.43 12.34 12.48 13.51 13.87 13.43 13.58 12.48 8.98 8.91 9.42 9.20 7.96 5.99 6.94 6.13 5.40 4.60 3.21 3.72 4.02 4.45 4.45 4.96 10.00 10.51 10.15 11.10 11.68 11.46 12.41 12.34 14.53 15.04 13.36 13.43 14.09 13.65 12.70 11.61 11.39 11.46 12.99 14.60 16.79 15.99 13.72 13.72 13.14 12.99 13.65 11.90 14.82 14.24 15.33 16.35 16.21 17.08 16.79 15.91 17.01 16.28 17.01 16.86 14.60 14.09 15.55 15.55 15.62 15.33 11.90 13.14 13.14 12.05 10.80 9.64 13.36 15.11 14.75 14.97
12.19 12.19 12.48 12.26 10.88 9.71 9.34 11.97 12.70 14.67 14.60 13.51 10.37 8.69 8.83 8.98 8.40 9.05 8.83 5.99 5.62 5.18 5.77 5.48 6.06 5.55 5.55 6.86 7.66 8.32 6.50 7.23 9.42 10.37 10.95 12.34 14.02 14.75 12.92 10.51 11.46 15.40 11.46 11.75 12.70 13.36 14.02 12.48 12.05 15.11 14.82 14.82 13.94 12.48 13.51 13.14 13.14 14.16 16.28 17.08 15.91 14.38 14.02 14.75 15.04 13.14 11.83 12.63 13.29 15.04 14.53 16.06 15.77 13.87 13.07 12.34 12.34 15.48 15.62 14.38 14.38 15.70 16.35 16.72
12.19 12.19 12.48 12.26 10.88 9.71 9.34 11.97 12.70 14.67 14.60 13.51 10.37 8.69 8.83 8.98 8.40 9.05 8.83 5.99 5.62 5.18 5.77 5.48 6.06 5.55 5.55 6.86 7.66 8.32 6.50 7.23 9.42 10.37 10.95 12.34 14.02 14.75 12.92 10.51 11.46 15.40 11.46 11.75 12.70 13.36 14.02 12.48 12.05 15.11 14.82 14.82 13.94 12.48 13.51 13.14 13.14 14.16 16.28 17.08 15.91 14.38 14.02 14.75 15.04 13.14 11.83 12.63 13.29 15.04 14.53 16.06 15.77 13.87 13.07 12.34 12.34 15.48 15.62 14.38 14.38 15.70 16.35 16.72
11.46 11.46 10.95 10.59 9.78 8.54 9.56 11.68 14.09 16.50 16.94 14.89 14.16 11.24 8.91 7.52 9.13 9.27 10.44 9.42 8.98 8.32 8.76 9.49 11.68 13.07 13.07 11.90 13.65 13.58 10.59 10.51 10.88 10.73 12.41 12.70 13.51 17.37 16.94 16.79 16.35 15.55 15.62 14.38 15.55 16.06 16.13 15.70 13.94 13.87 13.07 13.07 12.85 12.92 12.34 11.17 10.07 9.71 9.13 8.10 8.10 7.37 7.52 11.39 12.70 10.95 11.97 10.51 11.68 15.91 17.67 17.16 14.53 13.36 12.12 11.75 11.75 12.78 13.87 15.40 17.59 14.16 10.15 11.17
12.41 12.41 9.13 8.10 6.13 4.60 8.18 12.05 14.75 15.70 16.43 16.50 14.16 13.87 12.85 13.80 13.72 13.58 13.80 13.58 13.14 12.99 12.05 11.83 11.61 9.93 9.93 7.66 7.15 5.48 7.81 8.25 7.37 7.96 10.00 11.75 12.34 11.75 11.02 9.49 10.59 12.41 13.65 13.51 13.21 14.09 12.85 12.12 11.90 12.12 13.07 13.07 14.09 12.78 10.22 10.88 11.32 9.93 8.98 8.54 6.64 3.36 2.48 5.04 7.45 10.66 11.32 9.27 9.20 12.78 16.43 16.13 16.94 16.35 12.99 11.68 11.68 11.32 10.88 12.56 12.78 11.17 10.88 11.46
9.86 9.86 8.25 8.47 7.37 7.30 9.05 11.83 12.63 12.63 14.02 14.97 16.13 16.94 17.01 16.50 14.89 12.99 14.38 15.11 14.38 13.36 11.24 11.53 9.93 9.27 9.27 7.01 7.45 8.03 9.71 10.51 9.20 10.59 11.17 12.34 10.29 9.78 8.40 8.98 9.78 10.66 9.93 10.51 11.97 14.24 12.26 11.75 11.75 12.70 13.58 13.58 11.61 7.66 6.94 9.78 13.14 11.75 10.15 9.93 8.18 6.13 5.62 5.69 6.64 6.06 5.40 5.77 7.66 7.74 12.99 15.99 17.08 15.91 14.75 14.02 14.02 12.56 10.80 12.05 11.75 9.05 11.68 12.05
10.66 10.66 8.83 10.88 10.66 11.39 13.29 16.06 17.59 15.77 15.62 16.64 18.18 16.43 13.87 13.14 13.14 12.85 14.09 15.18 13.94 14.45 14.89 13.36 9.56 8.83 8.83 11.61 8.83 8.03 8.69 10.44 11.17 11.24 10.29 9.78 9.42 8.76 8.18 8.40 10.07 11.17 11.75 11.32 12.19 12.85 13.51 14.75 13.72 11.83 11.17 11.17 10.80 9.78 9.86 9.64 9.34 9.93 10.29 10.51 11.02 9.42 6.50 6.57 5.62 3.58 6.28 7.88 8.69 10.07 10.66 12.34 14.24 15.26 17.08 15.11 15.11 16.06 16.28 14.02 11.24 11.17 12.48 9.64
10.66 10.66 8.83 10.88 10.66 11.39 13.29 16.06 17.59 15.77 15.62 16.64 18.18 16.43 13.87 13.14 13.14 12.85 14.09 15.18 13.94 14.45 14.89 13.36 9.56 8.83 8.83 11.61 8.83 8.03 8.69 10.44 11.17 11.24 10.29 9.78 9.42 8.76 8.18 8.40 10.07 11.17 11.75 11.32 12.19 12.85 13.51 14.75 13.72 11.83 11.17 11.17 10.80 9.78 9.86 9.64 9.34 9.93 10.29 10.51 11.02 9.42 6.50 6.57 5.62 3.58 6.28 7.88 8.69 10.07 10.66 12.34 14.24 15.26 17.08 15.11 15.11 16.06 16.28 14.02 11.24 11.17 12.48 9.64
10.07 10.07 9.71 10.29 10.95 10.80 11.68 13.14 14.45 14.89 15.40 15.70 14.97 16.50 15.70 14.45 13.29 13.36 11.17 12.41 12.92 14.09 13.94 11.68 8.32 7.23 7.23 6.20 5.91 6.57 7.37 9.49 10.44 10.95 12.05 11.17 11.39 11.17 10.29 13.07 12.41 12.99 12.19 11.39 12.34 14.67 13.94 13.29 13.14 12.78 13.14 13.14 13.80 14.09 11.83 10.00 10.15 11.46 11.97 10.44 8.83 6.57 5.33 4.45 4.67 6.20 7.74 7.66 7.81 3.14 4.23 5.18 9.78 13.51 13.58 14.89 14.89 13.87 13.29 11.46 12.41 15.55 13.80 10.37
6.72 6.72 5.33 4.45 4.16 7.15 5.99 6.72 8.32 9.20 9.64 7.59 8.54 10.80 9.56 11.39 10.59 9.93 9.64 9.05 7.23 7.81 6.79 6.64 7.52 8.32 8.32 6.86 5.99 8.61 7.66 6.86 8.47 9.27 8.76 8.98 9.71 10.15 7.01 9.71 9.42 8.54 8.91 10.80 12.48 13.80 14.67 14.82 11.75 11.90 13.43 13.43 13.80 13.87 12.34 10.73 9.78 9.78 8.98 9.64 10.00 10.80 9.34 7.66 5.26 5.69 5.69 3.80 3.14 4.23 5.18 4.89 4.82 8.54 8.83 10.15 10.15 10.59 9.56 8.32 7.81 11.39 11.75 10.88
0.00 0.00 0.00 0.00 0.00 0.00 5.11 5.40 5.55 6.06 6.86 9.13 12.70 12.63 10.22 7.96 7.23 5.91 5.55 6.28 6.13 5.84 4.38 6.13 4.89 4.60 4.60 5.77 8.32 10.29 7.52 4.60 4.89 5.04 2.04 0.00 3.43 4.53 5.55 7.74 8.61 10.07 11.39 13.94 14.97 12.70 12.92 13.87 14.24 13.72 12.99 12.99 13.58 14.75 14.97 14.75 13.21 12.63 11.46 10.66 10.66 13.21 12.70 10.59 12.05 8.91 6.72 6.20 4.02 4.82 4.74 6.20 5.26 1.17 0.00 6.72 6.72 9.42 8.18 7.96 9.34 11.24 11.10 9.56
0.00 0.00 0.00 0.00 4.23 4.96 5.91 5.84 7.15 8.25 8.83 10.37 11.24 9.42 5.04 2.99 2.85 2.70 3.29 3.58 5.26 4.82 5.26 4.23 4.53 0.00 0.00 6.20 8.10 5.69 7.74 6.06 4.67 3.58 2.85 2.77 4.16 4.67 5.04 5.33 6.64 7.66 10.29 11.97 12.48 12.12 11.24 15.18 14.38 12.12 10.22 10.22 10.73 11.10 12.12 13.87 13.43 13.87 15.26 14.89 14.31 14.89 14.67 14.31 12.92 11.46 10.29 11.17 10.66 6.72 4.45 4.96 4.96 2.63 1.83 0.00 0.00 5.48 7.37 9.27 10.51 11.02 11.02 9.71
0.00 0.00 0.00 5.77 4.38 4.45 5.77 7.01 7.88 8.47 7.15 4.74 2.92 3.72 2.48 1.46 1.75 2.92 1.83 3.36 4.67 4.60 6.72 5.99 4.09 4.74 4.74 5.99 5.84 5.48 5.62 5.84 6.13 5.40 4.31 2.56 3.50 0.00 4.16 3.80 4.96 4.89 5.91 6.72 7.52 7.01 7.96 9.64 10.59 9.27 7.01 7.01 7.45 9.78 10.88 12.70 13.51 12.92 12.41 11.24 10.88 11.61 11.39 11.68 11.39 10.51 10.95 12.78 10.22 4.96 4.60 4.89 3.80 3.29 2.19 4.09 4.09 5.62 7.74 8.69 10.15 8.69 8.91 10.44
0.00 0.00 0.00 5.77 4.38 4.45 5.77 7.01 7.88 8.47 7.15 4.74 2.92 3.72 2.48 1.46 1.75 2.92 1.83 3.36 4.67 4.60 6.72 5.99 4.09 4.74 4.74 5.99 5.84 5.48 5.62 5.84 6.13 5.40 4.31 2.56 3.50 0.00 4.16 3.80 4.96 4.89 5.91 6.72 7.52 7.01 7.96 9.64 10.59 9.27 7.01 7.01 7.45 9.78 10.88 12.70 13.51 12.92 12.41 11.24 10.88 11.61 11.39 11.68 11.39 10.51 10.95 12.78 10.22 4.96 4.60 4.89 3.80 3.29 2.19 4.09 4.09 5.62 7.74 8.69 10.15 8.69 8.91 10.44
3.80 3.80 4.02 3.21 0.00 3.58 4.96 5.84 6.72 5.55 4.67 3.80 2.70 2.34 1.97 1.53 2.41 3.72 3.87 4.38 4.23 3.65 6.50 6.57 6.72 6.42 6.42 5.99 7.08 10.29 9.64 8.54 5.55 3.94 3.50 3.14 3.80 3.87 4.53 4.53 5.62 4.38 3.72 4.67 5.69 6.20 5.18 5.26 6.13 8.47 9.64 9.64 10.95 13.65 13.14 12.63 12.19 11.24 11.10 10.51 10.07 7.08 9.42 10.80 11.68 12.78 12.48 12.56 10.59 5.40 4.38 3.80 3.58 4.38 5.04 4.89 4.89 5.26 5.18 5.84 6.28 7.52 8.03 8.98
5.40 5.40 3.80 3.94 5.18 4.31 4.02 4.09 2.99 2.41 2.70 5.62 4.96 2.48 1.53 2.77 3.29 4.82 5.04 6.79 6.57 4.67 6.72 7.45 6.42 6.64 6.64 5.84 9.13 11.17 10.22 6.42 6.86 4.96 3.87 0.00 6.20 5.77 4.67 5.18 7.01 7.37 5.99 7.74 7.74 6.94 6.06 6.57 8.91 12.19 12.85 12.85 11.17 12.78 13.51 12.70 12.48 11.53 11.53 12.34 11.61 9.20 11.90 10.88 10.15 13.21 14.02 15.70 13.94 10.07 7.88 7.88 8.54 12.05 10.88 6.50 6.50 4.16 5.11 5.26 6.79 6.64 7.59 9.20
4.96 4.96 4.31 0.00 0.00 0.00 1.97 2.48 2.26 1.24 0.95 1.39 3.14 2.56 1.68 2.92 2.12 3.50 3.21 3.58 5.18 5.18 6.28 6.72 4.89 6.13 6.13 6.64 10.00 8.47 6.72 5.69 6.28 5.91 5.55 6.13 6.50 7.66 7.59 6.86 7.15 7.45 7.88 9.27 10.51 9.05 8.18 7.15 9.56 12.92 13.36 13.36 13.14 13.14 13.58 14.09 14.16 12.92 12.78 15.04 14.97 14.75 14.67 14.67 14.60 14.75 16.28 17.23 16.57 14.67 11.97 13.43 15.77 14.89 13.94 11.32 11.32 8.40 6.06 5.04 5.69 7.74 8.91 9.78
4.02 4.02 5.91 2.92 1.24 0.00 0.95 1.75 0.00 0.00 0.00 0.00 0.00 0.29 0.73 1.17 1.39 1.90 1.90 2.56 3.58 6.72 5.91 5.69 6.06 7.23 7.23 10.73 11.02 7.23 5.26 6.64 7.59 6.86 6.64 6.06 6.06 7.81 9.71 9.20 7.81 7.74 7.08 7.30 8.32 8.10 7.74 7.96 8.40 12.26 13.94 13.94 13.80 13.87 13.36 14.09 14.60 14.60 14.53 16.43 16.06 12.99 11.83 13.21 12.34 14.16 13.65 15.62 16.28 9.42 9.49 11.53 14.24 14.67 12.99 13.80 13.80 11.53 8.76 6.20 6.94 8.98 10.88 12.26
0.00 0.00 0.00 0.00 1.02 0.15 0.00 0.00 0.00 0.00 0.00 0.00 0.00 0.00 0.00 0.00 0.00 0.00 1.02 0.00 6.42 6.72 4.96 0.00 3.72 6.57 6.57 9.13 7.01 6.50 6.86 7.96 7.66 6.94 5.91 6.42 6.06 5.91 5.77 6.72 6.57 6.72 7.23 7.08 8.32 7.30 6.86 6.57 8.10 10.59 11.24 11.24 10.00 10.59 11.32 12.26 14.53 14.89 14.67 14.60 12.26 10.29 9.71 10.44 10.51 12.63 14.16 17.81 14.97 11.32 7.30 6.79 10.51 12.48 12.70 14.24 14.24 13.87 11.90 10.80 12.19 12.48 11.75 11.90
0.00 0.00 0.00 0.00 1.02 0.15 0.00 0.00 0.00 0.00 0.00 0.00 0.00 0.00 0.00 0.00 0.00 0.00 1.02 0.00 6.42 6.72 4.96 0.00 3.72 6.57 6.57 9.13 7.01 6.50 6.86 7.96 7.66 6.94 5.91 6.42 6.06 5.91 5.77 6.72 6.57 6.72 7.23 7.08 8.32 7.30 6.86 6.57 8.10 10.59 11.24 11.24 10.00 10.59 11.32 12.26 14.53 14.89 14.67 14.60 12.26 10.29 9.71 10.44 10.51 12.63 14.16 17.81 14.97 11.32 7.30 6.79 10.51 12.48 12.70 14.24 14.24 13.87 11.90 10.80 12.19 12.48 11.75 11.90
0.00 0.00 0.00 0.00 0.00 0.00 0.00 0.00 0.00 0.00 0.00 0.00 0.00 0.00 0.00 0.00 0.00 0.00 0.00 0.00 0.00 4.09 3.50 2.77 4.23 5.18 5.18 6.50 4.89 5.11 6.28 6.06 5.04 3.94 3.21 0.00 0.00 3.50 0.00 5.62 5.26 5.69 0.00 6.50 6.94 8.32 10.80 11.68 12.12 14.53 13.51 13.51 11.10 11.17 11.53 12.99 13.65 14.31 15.84 15.55 11.39 10.44 6.64 6.94 7.23 8.32 11.17 15.48 13.07 11.97 9.42 7.45 6.94 7.66 11.68 14.89 14.89 16.35 15.18 13.80 12.63 12.85 12.85 14.24
0.00 0.00 0.00 0.00 0.00 0.00 0.00 0.00 0.00 0.00 0.00 0.00 0.00 0.00 0.00 0.00 0.00 0.00 0.00 0.00 0.00 0.00 0.00 0.00 4.16 4.74 4.74 4.09 4.45 3.14 4.45 4.53 0.00 1.68 2.92 3.50 0.00 4.38 3.58 3.80 4.23 5.40 6.42 7.08 8.10 9.93 13.21 15.04 16.21 17.81 17.37 17.37 16.13 15.18 13.65 13.36 9.20 8.76 10.66 13.43 11.53 10.59 0.00 4.96 6.35 7.23 8.25 8.83 8.98 8.83 8.69 6.50 3.36 2.85 6.28 9.42 9.42 11.83 14.82 15.18 14.09 13.21 11.75 12.12
0.00 0.00 0.00 0.00 0.00 0.00 0.00 0.00 0.00 0.00 0.00 0.00 0.00 0.00 0.00 0.00 0.00 0.00 0.00 0.00 0.00 0.00 0.00 0.00 2.04 4.45 4.45 4.09 4.89 4.38 3.50 3.36 3.50 4.38 0.00 2.92 0.00 0.00 0.00 0.00 3.21 3.36 3.29 4.53 7.01 11.75 14.97 13.87 13.58 15.40 15.40 15.40 13.87 9.86 8.03 4.60 4.53 4.45 4.82 5.40 8.61 4.60 4.67 5.11 4.74 5.33 6.50 6.20 9.34 11.39 11.24 12.34 12.34 10.15 5.69 3.94 3.94 3.50 7.74 12.26 15.55 16.21 13.80 11.68
0.00 0.00 0.00 0.00 0.00 0.00 0.00 0.00 0.00 0.00 0.00 0.00 0.00 0.00 0.00 0.00 0.00 0.00 0.00 0.00 0.00 0.00 2.56 1.46 0.00 3.29 3.29 2.99 3.21 3.50 1.46 1.61 1.53 2.85 0.00 0.00 1.97 3.07 2.99 0.00 2.99 3.14 3.50 3.87 5.11 7.37 6.72 6.50 6.64 8.32 11.02 11.02 9.20 3.80 2.85 0.00 3.36 2.92 3.36 0.00 3.43 5.18 4.67 4.31 3.72 3.58 4.82 5.33 8.10 7.59 6.86 9.27 11.10 11.02 5.99 0.00 0.00 0.00 0.00 3.58 7.08 12.70 15.62 17.08
0.00 0.00 0.00 0.00 0.00 0.00 0.00 0.00 0.00 0.00 0.00 0.00 0.00 0.00 0.00 0.00 0.00 0.00 0.00 0.00 0.00 0.00 2.19 0.00 0.00 0.00 0.00 2.63 2.04 0.00 0.00 0.00 0.00 0.00 0.00 0.00 1.68 2.92 3.43 2.92 2.70 3.21 3.65 4.09 4.16 3.58 4.53 5.04 4.74 4.31 3.94 3.94 2.48 3.14 4.09 4.45 1.97 0.00 0.00 0.00 0.00 0.00 0.00 0.00 0.00 0.00 0.00 0.00 0.00 0.00 0.00 0.00 0.00 0.00 0.00 0.00 0.00 0.00 4.45 4.38 2.63 3.07 5.77 9.27
0.00 0.00 0.00 0.00 0.00 0.00 0.00 0.00 0.00 0.00 0.00 0.00 0.00 0.00 0.00 0.00 0.00 0.00 0.00 0.00 0.00 0.00 0.00 0.00 0.00 0.00 0.00 1.90 0.00 0.00 2.85 0.00 0.00 1.61 0.00 0.00 0.00 2.19 3.36 3.50 2.77 2.19 2.26 2.77 3.43 4.16 5.26 4.67 3.50 4.23 3.72 3.72 0.00 0.00 0.00 0.00 0.00 0.00 0.00 0.00 0.00 0.00 0.00 0.00 0.00 0.00 0.00 0.00 0.00 0.00 0.00 0.00 0.00 0.00 0.00 0.00 0.00 4.82 7.74 7.23 4.31 4.23 3.87 0.00
0.00 0.00 0.00 0.00 0.00 0.00 0.00 0.00 0.00 0.00 0.00 0.00 0.00 0.00 0.00 0.00 0.00 0.00 0.00 0.00 0.00 0.00 0.00 0.00 0.00 0.00 0.00 1.90 0.00 0.00 2.85 0.00 0.00 1.61 0.00 0.00 0.00 2.19 3.36 3.50 2.77 2.19 2.26 2.77 3.43 4.16 5.26 4.67 3.50 4.23 3.72 3.72 0.00 0.00 0.00 0.00 0.00 0.00 0.00 0.00 0.00 0.00 0.00 0.00 0.00 0.00 0.00 0.00 0.00 0.00 0.00 0.00 0.00 0.00 0.00 0.00 0.00 4.82 7.74 7.23 4.31 4.23 3.87 0.00
0.00 0.00 0.00 0.00 0.00 0.00 0.00 0.00 0.00 0.00 0.00 0.00 0.00 0.00 0.00 0.00 0.00 0.00 0.00 0.00 0.00 0.00 0.00 0.00 0.00 0.00 0.00 0.00 0.00 0.00 0.00 0.00 0.00 0.00 0.00 0.00 0.00 0.00 3.07 2.99 1.61 2.04 2.92 3.29 3.58 2.99 3.58 4.60 3.87 3.87 3.14 3.14 3.36 0.00 0.00 0.00 0.00 0.00 0.00 0.00 0.00 0.00 0.00 0.00 0.00 0.00 0.00 0.00 0.00 0.00 0.00 0.00 3.07 2.12 3.50 5.26 5.26 6.94 7.96 5.48 6.64 6.06 6.94 5.48
